0 0 1 -266
0 0 2 -988
0 0 3 -2033
0 0 4 -2812
0 0 5 950
0 0 6 -4161
0 0 7 -1653
0 1 0 -3800
0 1 1 -3154
0 1 2 2052
0 1 3 570
0 1 4 -4617
0 1 5 -361
0 1 6 -5301
0 1 7 -3230
0 2 0 -1045
0 2 1 -3154
0 2 2 2052
0 2 3 570
0 2 4 -4617
0 2 5 -361
0 2 6 -5301
0 2 7 -3230
0 3 0 -1045
0 3 1 -3154
0 3 2 2052
0 3 3 570
0 3 4 -4617
0 3 5 -361
0 3 6 -5301
0 3 7 -3230
0 4 0 -1045
0 4 1 -3154
0 4 2 2052
0 4 3 570
0 4 4 -4617
0 4 5 -361
0 4 6 -5301
0 4 7 -3230
0 5 0 -1045
0 5 1 -3154
0 5 2 2052
0 5 3 570
0 5 4 -4617
0 5 5 -361
0 5 6 -5301
0 5 7 -3230
0 6 0 -1045
0 6 1 -3154
0 6 2 2052
0 6 3 570
0 6 4 -4617
0 6 5 -361
0 6 6 -5301
0 6 7 -3230
0 7 0 -1045
0 7 1 -3154
0 7 2 2052
0 7 3 570
0 7 4 -4617
0 7 5 -361
0 7 6 -5301
0 7 7 -3230
0 8 0 -1045
0 8 1 -3154
0 8 2 2052
0 8 3 570
0 8 4 -4617
0 8 5 -361
0 8 6 -5301
0 8 7 -3230
0 9 0 -1045
0 9 1 -3154
0 9 2 2052
0 9 3 570
0 9 4 -4617
0 9 5 -361
0 9 6 -5301
0 9 7 -3230
0 10 0 -1045
0 10 1 -3154
0 10 2 2052
0 10 3 570
0 10 4 -4617
0 10 5 -361
0 10 6 -5301
0 10 7 -3230
0 11 0 -1045
0 11 1 -3154
0 11 2 2052
0 11 3 570
0 11 4 -4617
0 11 5 -361
0 11 6 -5301
0 11 7 -3230
0 12 0 -1045
0 12 1 -3154
0 12 2 2052
0 12 3 570
0 12 4 -4617
0 12 5 -361
0 12 6 -5301
0 12 7 -3230
0 13 0 -1045
0 13 1 -3154
0 13 2 2052
0 13 3 570
0 13 4 -4617
0 13 5 -361
0 13 6 -5301
0 13 7 -3230
0 14 0 -1045
0 14 1 -3154
0 14 2 2052
0 14 3 570
0 14 4 -4617
0 14 5 -361
0 14 6 -5301
0 14 7 -3230
0 15 0 -1045
0 15 1 -3154
0 15 2 2052
0 15 3 570
0 15 4 -4617
0 15 5 -361
0 15 6 -5301
0 15 7 -3230
0 16 0 -1045
0 16 1 -3154
0 16 2 2052
0 16 3 570
0 16 4 -4617
0 16 5 -361
0 16 6 -5301
0 16 7 -3230
0 17 0 -1045
0 17 1 -3154
0 17 2 2052
0 17 3 570
0 17 4 -4617
0 17 5 -361
0 17 6 -5301
0 17 7 -3230
0 18 0 -1045
0 18 1 -3154
0 18 2 2052
0 18 3 570
0 18 4 -4617
0 18 5 -361
0 18 6 -5301
0 18 7 -3230
0 19 0 -1045
0 19 1 -3154
0 19 2 2052
0 19 3 570
0 19 4 -4617
0 19 5 -361
0 19 6 -5301
0 19 7 -3230
0 20 0 -1045
0 20 1 -3154
0 20 2 2052
0 20 3 570
0 20 4 -4617
0 20 5 -361
0 20 6 -5301
0 20 7 -3230
0 21 0 -1045
0 21 1 -3154
0 21 2 2052
0 21 3 570
0 21 4 -4617
0 21 5 -361
0 21 6 -5301
0 21 7 -3230
0 22 0 -1045
0 22 1 -3154
0 22 2 2052
0 22 3 570
0 22 4 -4617
0 22 5 -361
0 22 6 -5301
0 22 7 -3230
0 23 0 -1045
0 23 1 -3154
0 23 2 2052
0 23 3 570
0 23 4 -4617
0 23 5 -361
0 23 6 -5301
0 23 7 -3230
0 24 0 -1045
0 24 1 -3154
0 24 2 2052
0 24 3 570
0 24 4 -4617
0 24 5 -361
0 24 6 -5301
0 24 7 -3230
0 25 0 -1045
0 25 1 -3154
0 25 2 2052
0 25 3 570
0 25 4 -4617
0 25 5 -361
0 25 6 -5301
0 25 7 -3230
0 26 0 -1045
0 26 1 -3154
0 26 2 2052
0 26 3 570
0 26 4 -4617
0 26 5 -361
0 26 6 -5301
0 26 7 -3230
0 27 0 -1045
0 27 1 -3762
0 27 2 3154
0 27 3 2546
0 27 4 -2869
0 27 5 -1273
0 27 6 -2793
0 27 7 -2489
1 0 0 494
1 0 1 -1558
1 0 2 -3382
1 0 3 -2926
1 0 4 -1881
1 0 5 19
1 0 6 -4256
1 0 7 -2052
1 1 0 -4579
1 1 1 -5909
1 1 2 -1083
1 1 3 -589
1 1 4 -2603
1 1 5 38
1 1 6 -5814
1 1 7 -2375
1 2 0 -228
1 2 1 -5909
1 2 2 -1083
1 2 3 -589
1 2 4 -2603
1 2 5 38
1 2 6 -5814
1 2 7 -2375
1 3 0 -228
1 3 1 -5909
1 3 2 -1083
1 3 3 -589
1 3 4 -2603
1 3 5 38
1 3 6 -5814
1 3 7 -2375
1 4 0 -228
1 4 1 -5909
1 4 2 -1083
1 4 3 -589
1 4 4 -2603
1 4 5 38
1 4 6 -5814
1 4 7 -2375
1 5 0 -228
1 5 1 -5909
1 5 2 -1083
1 5 3 -589
1 5 4 -2603
1 5 5 38
1 5 6 -5814
1 5 7 -2375
1 6 0 -228
1 6 1 -5909
1 6 2 -1083
1 6 3 -589
1 6 4 -2603
1 6 5 38
1 6 6 -5814
1 6 7 -2375
1 7 0 -228
1 7 1 -5909
1 7 2 -1083
1 7 3 -589
1 7 4 -2603
1 7 5 38
1 7 6 -5814
1 7 7 -2375
1 8 0 -228
1 8 1 -5909
1 8 2 -1083
1 8 3 -589
1 8 4 -2603
1 8 5 38
1 8 6 -5814
1 8 7 -2375
1 9 0 -228
1 9 1 -5909
1 9 2 -1083
1 9 3 -589
1 9 4 -2603
1 9 5 38
1 9 6 -5814
1 9 7 -2375
1 10 0 -228
1 10 1 -5909
1 10 2 -1083
1 10 3 -589
1 10 4 -2603
1 10 5 38
1 10 6 -5814
1 10 7 -2375
1 11 0 -228
1 11 1 -5909
1 11 2 -1083
1 11 3 -589
1 11 4 -2603
1 11 5 38
1 11 6 -5814
1 11 7 -2375
1 12 0 -228
1 12 1 -5909
1 12 2 -1083
1 12 3 -589
1 12 4 -2603
1 12 5 38
1 12 6 -5814
1 12 7 -2375
1 13 0 -228
1 13 1 -5909
1 13 2 -1083
1 13 3 -589
1 13 4 -2603
1 13 5 38
1 13 6 -5814
1 13 7 -2375
1 14 0 -228
1 14 1 -5909
1 14 2 -1083
1 14 3 -589
1 14 4 -2603
1 14 5 38
1 14 6 -5814
1 14 7 -2375
1 15 0 -228
1 15 1 -5909
1 15 2 -1083
1 15 3 -589
1 15 4 -2603
1 15 5 38
1 15 6 -5814
1 15 7 -2375
1 16 0 -228
1 16 1 -5909
1 16 2 -1083
1 16 3 -589
1 16 4 -2603
1 16 5 38
1 16 6 -5814
1 16 7 -2375
1 17 0 -228
1 17 1 -5909
1 17 2 -1083
1 17 3 -589
1 17 4 -2603
1 17 5 38
1 17 6 -5814
1 17 7 -2375
1 18 0 -228
1 18 1 -5909
1 18 2 -1083
1 18 3 -589
1 18 4 -2603
1 18 5 38
1 18 6 -5814
1 18 7 -2375
1 19 0 -228
1 19 1 -5909
1 19 2 -1083
1 19 3 -589
1 19 4 -2603
1 19 5 38
1 19 6 -5814
1 19 7 -2375
1 20 0 -228
1 20 1 -5909
1 20 2 -1083
1 20 3 -589
1 20 4 -2603
1 20 5 38
1 20 6 -5814
1 20 7 -2375
1 21 0 -228
1 21 1 -5909
1 21 2 -1083
1 21 3 -589
1 21 4 -2603
1 21 5 38
1 21 6 -5814
1 21 7 -2375
1 22 0 -228
1 22 1 -5909
1 22 2 -1083
1 22 3 -589
1 22 4 -2603
1 22 5 38
1 22 6 -5814
1 22 7 -2375
1 23 0 -228
1 23 1 -5909
1 23 2 -1083
1 23 3 -589
1 23 4 -2603
1 23 5 38
1 23 6 -5814
1 23 7 -2375
1 24 0 -228
1 24 1 -5909
1 24 2 -1083
1 24 3 -589
1 24 4 -2603
1 24 5 38
1 24 6 -5814
1 24 7 -2375
1 25 0 -228
1 25 1 -5909
1 25 2 -1083
1 25 3 -589
1 25 4 -2603
1 25 5 38
1 25 6 -5814
1 25 7 -2375
1 26 0 -228
1 26 1 -5909
1 26 2 -1083
1 26 3 -589
1 26 4 -2603
1 26 5 38
1 26 6 -5814
1 26 7 -2375
1 27 0 -228
1 27 1 -5073
1 27 2 1254
1 27 3 2090
1 27 4 -570
1 27 5 -19
1 27 6 -3933
1 27 7 -988
2 0 0 2869
2 0 1 -1558
2 0 2 -3382
2 0 3 -2926
2 0 4 -1881
2 0 5 19
2 0 6 -4256
2 0 7 -2052
2 1 0 -4579
2 1 1 -5909
2 1 2 -1083
2 1 3 -589
2 1 4 -2603
2 1 5 38
2 1 6 -5814
2 1 7 -2375
2 2 0 -228
2 2 1 -5909
2 2 2 -1083
2 2 3 -589
2 2 4 -2603
2 2 5 38
2 2 6 -5814
2 2 7 -2375
2 3 0 -228
2 3 1 -5909
2 3 2 -1083
2 3 3 -589
2 3 4 -2603
2 3 5 38
2 3 6 -5814
2 3 7 -2375
2 4 0 -228
2 4 1 -5909
2 4 2 -1083
2 4 3 -589
2 4 4 -2603
2 4 5 38
2 4 6 -5814
2 4 7 -2375
2 5 0 -228
2 5 1 -5909
2 5 2 -1083
2 5 3 -589
2 5 4 -2603
2 5 5 38
2 5 6 -5814
2 5 7 -2375
2 6 0 -228
2 6 1 -5909
2 6 2 -1083
2 6 3 -589
2 6 4 -2603
2 6 5 38
2 6 6 -5814
2 6 7 -2375
2 7 0 -228
2 7 1 -5909
2 7 2 -1083
2 7 3 -589
2 7 4 -2603
2 7 5 38
2 7 6 -5814
2 7 7 -2375
2 8 0 -228
2 8 1 -5909
2 8 2 -1083
2 8 3 -589
2 8 4 -2603
2 8 5 38
2 8 6 -5814
2 8 7 -2375
2 9 0 -228
2 9 1 -5909
2 9 2 -1083
2 9 3 -589
2 9 4 -2603
2 9 5 38
2 9 6 -5814
2 9 7 -2375
2 10 0 -228
2 10 1 -5909
2 10 2 -1083
2 10 3 -589
2 10 4 -2603
2 10 5 38
2 10 6 -5814
2 10 7 -2375
2 11 0 -228
2 11 1 -5909
2 11 2 -1083
2 11 3 -589
2 11 4 -2603
2 11 5 38
2 11 6 -5814
2 11 7 -2375
2 12 0 -228
2 12 1 -5909
2 12 2 -1083
2 12 3 -589
2 12 4 -2603
2 12 5 38
2 12 6 -5814
2 12 7 -2375
2 13 0 -228
2 13 1 -5909
2 13 2 -1083
2 13 3 -589
2 13 4 -2603
2 13 5 38
2 13 6 -5814
2 13 7 -2375
2 14 0 -228
2 14 1 -5909
2 14 2 -1083
2 14 3 -589
2 14 4 -2603
2 14 5 38
2 14 6 -5814
2 14 7 -2375
2 15 0 -228
2 15 1 -5909
2 15 2 -1083
2 15 3 -589
2 15 4 -2603
2 15 5 38
2 15 6 -5814
2 15 7 -2375
2 16 0 -228
2 16 1 -5909
2 16 2 -1083
2 16 3 -589
2 16 4 -2603
2 16 5 38
2 16 6 -5814
2 16 7 -2375
2 17 0 -228
2 17 1 -5909
2 17 2 -1083
2 17 3 -589
2 17 4 -2603
2 17 5 38
2 17 6 -5814
2 17 7 -2375
2 18 0 -228
2 18 1 -5909
2 18 2 -1083
2 18 3 -589
2 18 4 -2603
2 18 5 38
2 18 6 -5814
2 18 7 -2375
2 19 0 -228
2 19 1 -5909
2 19 2 -1083
2 19 3 -589
2 19 4 -2603
2 19 5 38
2 19 6 -5814
2 19 7 -2375
2 20 0 -228
2 20 1 -5909
2 20 2 -1083
2 20 3 -589
2 20 4 -2603
2 20 5 38
2 20 6 -5814
2 20 7 -2375
2 21 0 -228
2 21 1 -5909
2 21 2 -1083
2 21 3 -589
2 21 4 -2603
2 21 5 38
2 21 6 -5814
2 21 7 -2375
2 22 0 -228
2 22 1 -5909
2 22 2 -1083
2 22 3 -589
2 22 4 -2603
2 22 5 38
2 22 6 -5814
2 22 7 -2375
2 23 0 -228
2 23 1 -5909
2 23 2 -1083
2 23 3 -589
2 23 4 -2603
2 23 5 38
2 23 6 -5814
2 23 7 -2375
2 24 0 -228
2 24 1 -5909
2 24 2 -1083
2 24 3 -589
2 24 4 -2603
2 24 5 38
2 24 6 -5814
2 24 7 -2375
2 25 0 -228
2 25 1 -5909
2 25 2 -1083
2 25 3 -589
2 25 4 -2603
2 25 5 38
2 25 6 -5814
2 25 7 -2375
2 26 0 -228
2 26 1 -5909
2 26 2 -1083
2 26 3 -589
2 26 4 -2603
2 26 5 38
2 26 6 -5814
2 26 7 -2375
2 27 0 -228
2 27 1 -5073
2 27 2 1254
2 27 3 2090
2 27 4 -570
2 27 5 -19
2 27 6 -3933
2 27 7 -988
3 0 0 2869
3 0 1 -1558
3 0 2 -3382
3 0 3 -2926
3 0 4 -1881
3 0 5 19
3 0 6 -4256
3 0 7 -2052
3 1 0 -4579
3 1 1 -5909
3 1 2 -1083
3 1 3 -589
3 1 4 -2603
3 1 5 38
3 1 6 -5814
3 1 7 -2375
3 2 0 -228
3 2 1 -5909
3 2 2 -1083
3 2 3 -589
3 2 4 -2603
3 2 5 38
3 2 6 -5814
3 2 7 -2375
3 3 0 -228
3 3 1 -5909
3 3 2 -1083
3 3 3 -589
3 3 4 -2603
3 3 5 38
3 3 6 -5814
3 3 7 -2375
3 4 0 -228
3 4 1 -5909
3 4 2 -1083
3 4 3 -589
3 4 4 -2603
3 4 5 38
3 4 6 -5814
3 4 7 -2375
3 5 0 -228
3 5 1 -5909
3 5 2 -1083
3 5 3 -589
3 5 4 -2603
3 5 5 38
3 5 6 -5814
3 5 7 -2375
3 6 0 -228
3 6 1 -5909
3 6 2 -1083
3 6 3 -589
3 6 4 -2603
3 6 5 38
3 6 6 -5814
3 6 7 -2375
3 7 0 -228
3 7 1 -5909
3 7 2 -1083
3 7 3 -589
3 7 4 -2603
3 7 5 38
3 7 6 -5814
3 7 7 -2375
3 8 0 -228
3 8 1 -5909
3 8 2 -1083
3 8 3 -589
3 8 4 -2603
3 8 5 38
3 8 6 -5814
3 8 7 -2375
3 9 0 -228
3 9 1 -5909
3 9 2 -1083
3 9 3 -589
3 9 4 -2603
3 9 5 38
3 9 6 -5814
3 9 7 -2375
3 10 0 -228
3 10 1 -5909
3 10 2 -1083
3 10 3 -589
3 10 4 -2603
3 10 5 38
3 10 6 -5814
3 10 7 -2375
3 11 0 -228
3 11 1 -5909
3 11 2 -1083
3 11 3 -589
3 11 4 -2603
3 11 5 38
3 11 6 -5814
3 11 7 -2375
3 12 0 -228
3 12 1 -5909
3 12 2 -1083
3 12 3 -589
3 12 4 -2603
3 12 5 38
3 12 6 -5814
3 12 7 -2375
3 13 0 -228
3 13 1 -5909
3 13 2 -1083
3 13 3 -589
3 13 4 -2603
3 13 5 38
3 13 6 -5814
3 13 7 -2375
3 14 0 -228
3 14 1 -5909
3 14 2 -1083
3 14 3 -589
3 14 4 -2603
3 14 5 38
3 14 6 -5814
3 14 7 -2375
3 15 0 -228
3 15 1 -5909
3 15 2 -1083
3 15 3 -589
3 15 4 -2603
3 15 5 38
3 15 6 -5814
3 15 7 -2375
3 16 0 -228
3 16 1 -5909
3 16 2 -1083
3 16 3 -589
3 16 4 -2603
3 16 5 38
3 16 6 -5814
3 16 7 -2375
3 17 0 -228
3 17 1 -5909
3 17 2 -1083
3 17 3 -589
3 17 4 -2603
3 17 5 38
3 17 6 -5814
3 17 7 -2375
3 18 0 -228
3 18 1 -5909
3 18 2 -1083
3 18 3 -589
3 18 4 -2603
3 18 5 38
3 18 6 -5814
3 18 7 -2375
3 19 0 -228
3 19 1 -5909
3 19 2 -1083
3 19 3 -589
3 19 4 -2603
3 19 5 38
3 19 6 -5814
3 19 7 -2375
3 20 0 -228
3 20 1 -5909
3 20 2 -1083
3 20 3 -589
3 20 4 -2603
3 20 5 38
3 20 6 -5814
3 20 7 -2375
3 21 0 -228
3 21 1 -5909
3 21 2 -1083
3 21 3 -589
3 21 4 -2603
3 21 5 38
3 21 6 -5814
3 21 7 -2375
3 22 0 -228
3 22 1 -5909
3 22 2 -1083
3 22 3 -589
3 22 4 -2603
3 22 5 38
3 22 6 -5814
3 22 7 -2375
3 23 0 -228
3 23 1 -5909
3 23 2 -1083
3 23 3 -589
3 23 4 -2603
3 23 5 38
3 23 6 -5814
3 23 7 -2375
3 24 0 -228
3 24 1 -5909
3 24 2 -1083
3 24 3 -589
3 24 4 -2603
3 24 5 38
3 24 6 -5814
3 24 7 -2375
3 25 0 -228
3 25 1 -5909
3 25 2 -1083
3 25 3 -589
3 25 4 -2603
3 25 5 38
3 25 6 -5814
3 25 7 -2375
3 26 0 -228
3 26 1 -5909
3 26 2 -1083
3 26 3 -589
3 26 4 -2603
3 26 5 38
3 26 6 -5814
3 26 7 -2375
3 27 0 -228
3 27 1 -5073
3 27 2 1254
3 27 3 2090
3 27 4 -570
3 27 5 -19
3 27 6 -3933
3 27 7 -988
4 0 0 2869
4 0 1 -1558
4 0 2 -3382
4 0 3 -2926
4 0 4 -1881
4 0 5 19
4 0 6 -4256
4 0 7 -2052
4 1 0 -4579
4 1 1 -5909
4 1 2 -1083
4 1 3 -589
4 1 4 -2603
4 1 5 38
4 1 6 -5814
4 1 7 -2375
4 2 0 -228
4 2 1 -5909
4 2 2 -1083
4 2 3 -589
4 2 4 -2603
4 2 5 38
4 2 6 -5814
4 2 7 -2375
4 3 0 -228
4 3 1 -5909
4 3 2 -1083
4 3 3 -589
4 3 4 -2603
4 3 5 38
4 3 6 -5814
4 3 7 -2375
4 4 0 -228
4 4 1 -5909
4 4 2 -1083
4 4 3 -589
4 4 4 -2603
4 4 5 38
4 4 6 -5814
4 4 7 -2375
4 5 0 -228
4 5 1 -5909
4 5 2 -1083
4 5 3 -589
4 5 4 -2603
4 5 5 38
4 5 6 -5814
4 5 7 -2375
4 6 0 -228
4 6 1 -5909
4 6 2 -1083
4 6 3 -589
4 6 4 -2603
4 6 5 38
4 6 6 -5814
4 6 7 -2375
4 7 0 -228
4 7 1 -5909
4 7 2 -1083
4 7 3 -589
4 7 4 -2603
4 7 5 38
4 7 6 -5814
4 7 7 -2375
4 8 0 -228
4 8 1 -5909
4 8 2 -1083
4 8 3 -589
4 8 4 -2603
4 8 5 38
4 8 6 -5814
4 8 7 -2375
4 9 0 -228
4 9 1 -5909
4 9 2 -1083
4 9 3 -589
4 9 4 -2603
4 9 5 38
4 9 6 -5814
4 9 7 -2375
4 10 0 -228
4 10 1 -5909
4 10 2 -1083
4 10 3 -589
4 10 4 -2603
4 10 5 38
4 10 6 -5814
4 10 7 -2375
4 11 0 -228
4 11 1 -5909
4 11 2 -1083
4 11 3 -589
4 11 4 -2603
4 11 5 38
4 11 6 -5814
4 11 7 -2375
4 12 0 -228
4 12 1 -5909
4 12 2 -1083
4 12 3 -589
4 12 4 -2603
4 12 5 38
4 12 6 -5814
4 12 7 -2375
4 13 0 -228
4 13 1 -5909
4 13 2 -1083
4 13 3 -589
4 13 4 -2603
4 13 5 38
4 13 6 -5814
4 13 7 -2375
4 14 0 -228
4 14 1 -5909
4 14 2 -1083
4 14 3 -589
4 14 4 -2603
4 14 5 38
4 14 6 -5814
4 14 7 -2375
4 15 0 -228
4 15 1 -5909
4 15 2 -1083
4 15 3 -589
4 15 4 -2603
4 15 5 38
4 15 6 -5814
4 15 7 -2375
4 16 0 -228
4 16 1 -5909
4 16 2 -1083
4 16 3 -589
4 16 4 -2603
4 16 5 38
4 16 6 -5814
4 16 7 -2375
4 17 0 -228
4 17 1 -5909
4 17 2 -1083
4 17 3 -589
4 17 4 -2603
4 17 5 38
4 17 6 -5814
4 17 7 -2375
4 18 0 -228
4 18 1 -5909
4 18 2 -1083
4 18 3 -589
4 18 4 -2603
4 18 5 38
4 18 6 -5814
4 18 7 -2375
4 19 0 -228
4 19 1 -5909
4 19 2 -1083
4 19 3 -589
4 19 4 -2603
4 19 5 38
4 19 6 -5814
4 19 7 -2375
4 20 0 -228
4 20 1 -5909
4 20 2 -1083
4 20 3 -589
4 20 4 -2603
4 20 5 38
4 20 6 -5814
4 20 7 -2375
4 21 0 -228
4 21 1 -5909
4 21 2 -1083
4 21 3 -589
4 21 4 -2603
4 21 5 38
4 21 6 -5814
4 21 7 -2375
4 22 0 -228
4 22 1 -5909
4 22 2 -1083
4 22 3 -589
4 22 4 -2603
4 22 5 38
4 22 6 -5814
4 22 7 -2375
4 23 0 -228
4 23 1 -5909
4 23 2 -1083
4 23 3 -589
4 23 4 -2603
4 23 5 38
4 23 6 -5814
4 23 7 -2375
4 24 0 -228
4 24 1 -5909
4 24 2 -1083
4 24 3 -589
4 24 4 -2603
4 24 5 38
4 24 6 -5814
4 24 7 -2375
4 25 0 -228
4 25 1 -5909
4 25 2 -1083
4 25 3 -589
4 25 4 -2603
4 25 5 38
4 25 6 -5814
4 25 7 -2375
4 26 0 -228
4 26 1 -5909
4 26 2 -1083
4 26 3 -589
4 26 4 -2603
4 26 5 38
4 26 6 -5814
4 26 7 -2375
4 27 0 -228
4 27 1 -5073
4 27 2 1254
4 27 3 2090
4 27 4 -570
4 27 5 -19
4 27 6 -3933
4 27 7 -988
5 0 0 2869
5 0 1 -1558
5 0 2 -3382
5 0 3 -2926
5 0 4 -1881
5 0 5 19
5 0 6 -4256
5 0 7 -2052
5 1 0 -4579
5 1 1 -5909
5 1 2 -1083
5 1 3 -589
5 1 4 -2603
5 1 5 38
5 1 6 -5814
5 1 7 -2375
5 2 0 -228
5 2 1 -5909
5 2 2 -1083
5 2 3 -589
5 2 4 -2603
5 2 5 38
5 2 6 -5814
5 2 7 -2375
5 3 0 -228
5 3 1 -5909
5 3 2 -1083
5 3 3 -589
5 3 4 -2603
5 3 5 38
5 3 6 -5814
5 3 7 -2375
5 4 0 -228
5 4 1 -5909
5 4 2 -1083
5 4 3 -589
5 4 4 -2603
5 4 5 38
5 4 6 -5814
5 4 7 -2375
5 5 0 -228
5 5 1 -5909
5 5 2 -1083
5 5 3 -589
5 5 4 -2603
5 5 5 38
5 5 6 -5814
5 5 7 -2375
5 6 0 -228
5 6 1 -5909
5 6 2 -1083
5 6 3 -589
5 6 4 -2603
5 6 5 38
5 6 6 -5814
5 6 7 -2375
5 7 0 -228
5 7 1 -5909
5 7 2 -1083
5 7 3 -589
5 7 4 -2603
5 7 5 38
5 7 6 -5814
5 7 7 -2375
5 8 0 -228
5 8 1 -5909
5 8 2 -1083
5 8 3 -589
5 8 4 -2603
5 8 5 38
5 8 6 -5814
5 8 7 -2375
5 9 0 -228
5 9 1 -5909
5 9 2 -1083
5 9 3 -589
5 9 4 -2603
5 9 5 38
5 9 6 -5814
5 9 7 -2375
5 10 0 -228
5 10 1 -5909
5 10 2 -1083
5 10 3 -589
5 10 4 -2603
5 10 5 38
5 10 6 -5814
5 10 7 -2375
5 11 0 -228
5 11 1 -5909
5 11 2 -1083
5 11 3 -589
5 11 4 -2603
5 11 5 38
5 11 6 -5814
5 11 7 -2375
5 12 0 -228
5 12 1 -5909
5 12 2 -1083
5 12 3 -589
5 12 4 -2603
5 12 5 38
5 12 6 -5814
5 12 7 -2375
5 13 0 -228
5 13 1 -5909
5 13 2 -1083
5 13 3 -589
5 13 4 -2603
5 13 5 38
5 13 6 -5814
5 13 7 -2375
5 14 0 -228
5 14 1 -5909
5 14 2 -1083
5 14 3 -589
5 14 4 -2603
5 14 5 38
5 14 6 -5814
5 14 7 -2375
5 15 0 -228
5 15 1 -5909
5 15 2 -1083
5 15 3 -589
5 15 4 -2603
5 15 5 38
5 15 6 -5814
5 15 7 -2375
5 16 0 -228
5 16 1 -5909
5 16 2 -1083
5 16 3 -589
5 16 4 -2603
5 16 5 38
5 16 6 -5814
5 16 7 -2375
5 17 0 -228
5 17 1 -5909
5 17 2 -1083
5 17 3 -589
5 17 4 -2603
5 17 5 38
5 17 6 -5814
5 17 7 -2375
5 18 0 -228
5 18 1 -5909
5 18 2 -1083
5 18 3 -589
5 18 4 -2603
5 18 5 38
5 18 6 -5814
5 18 7 -2375
5 19 0 -228
5 19 1 -5909
5 19 2 -1083
5 19 3 -589
5 19 4 -2603
5 19 5 38
5 19 6 -5814
5 19 7 -2375
5 20 0 -228
5 20 1 -5909
5 20 2 -1083
5 20 3 -589
5 20 4 -2603
5 20 5 38
5 20 6 -5814
5 20 7 -2375
5 21 0 -228
5 21 1 -5909
5 21 2 -1083
5 21 3 -589
5 21 4 -2603
5 21 5 38
5 21 6 -5814
5 21 7 -2375
5 22 0 -228
5 22 1 -5909
5 22 2 -1083
5 22 3 -589
5 22 4 -2603
5 22 5 38
5 22 6 -5814
5 22 7 -2375
5 23 0 -228
5 23 1 -5909
5 23 2 -1083
5 23 3 -589
5 23 4 -2603
5 23 5 38
5 23 6 -5814
5 23 7 -2375
5 24 0 -228
5 24 1 -5909
5 24 2 -1083
5 24 3 -589
5 24 4 -2603
5 24 5 38
5 24 6 -5814
5 24 7 -2375
5 25 0 -228
5 25 1 -5909
5 25 2 -1083
5 25 3 -589
5 25 4 -2603
5 25 5 38
5 25 6 -5814
5 25 7 -2375
5 26 0 -228
5 26 1 -5909
5 26 2 -1083
5 26 3 -589
5 26 4 -2603
5 26 5 38
5 26 6 -5814
5 26 7 -2375
5 27 0 -228
5 27 1 -5073
5 27 2 1254
5 27 3 2090
5 27 4 -570
5 27 5 -19
5 27 6 -3933
5 27 7 -988
6 0 0 2869
6 0 1 -1558
6 0 2 -3382
6 0 3 -2926
6 0 4 -1881
6 0 5 19
6 0 6 -4256
6 0 7 -2052
6 1 0 -4579
6 1 1 -5909
6 1 2 -1083
6 1 3 -589
6 1 4 -2603
6 1 5 38
6 1 6 -5814
6 1 7 -2375
6 2 0 -228
6 2 1 -5909
6 2 2 -1083
6 2 3 -589
6 2 4 -2603
6 2 5 38
6 2 6 -5814
6 2 7 -2375
6 3 0 -228
6 3 1 -5909
6 3 2 -1083
6 3 3 -589
6 3 4 -2603
6 3 5 38
6 3 6 -5814
6 3 7 -2375
6 4 0 -228
6 4 1 -5909
6 4 2 -1083
6 4 3 -589
6 4 4 -2603
6 4 5 38
6 4 6 -5814
6 4 7 -2375
6 5 0 -228
6 5 1 -8933
6 5 2 1269
6 5 3 3491
6 5 4 565
6 5 5 1238
6 5 6 -1926
6 5 7 73
6 6 0 60
6 6 1 -13403
6 6 2 5167
6 6 3 7173
6 6 4 4105
6 6 5 2736
6 6 6 2340
6 6 7 4519
6 7 0 5112
6 7 1 -10132
6 7 2 -388
6 7 3 1318
6 7 4 5887
6 7 5 2323
6 7 6 -165
6 7 7 9056
6 8 0 7538
6 8 1 -5560
6 8 2 -8329
6 8 3 -2429
6 8 4 9417
6 8 5 2067
6 8 6 -1363
6 8 7 12570
6 9 0 2210
6 9 1 -3234
6 9 2 -9082
6 9 3 -5759
6 9 4 5040
6 9 5 792
6 9 6 -5290
6 9 7 8668
6 10 0 2398
6 10 1 -1876
6 10 2 -10228
6 10 3 -5192
6 10 4 4169
6 10 5 425
6 10 6 -5795
6 10 7 6028
6 11 0 -2446
6 11 1 -3920
6 11 2 -4939
6 11 3 -3311
6 11 4 -519
6 11 5 -9
6 11 6 -6547
6 11 7 758
6 12 0 -414
6 12 1 -4460
6 12 2 -3750
6 12 3 -1933
6 12 4 -1238
6 12 5 -4
6 12 6 -6150
6 12 7 -842
6 13 0 -1614
6 13 1 -5909
6 13 2 -1083
6 13 3 -589
6 13 4 -2603
6 13 5 38
6 13 6 -5814
6 13 7 -2375
6 14 0 -228
6 14 1 -5909
6 14 2 -1083
6 14 3 -589
6 14 4 -2603
6 14 5 38
6 14 6 -5814
6 14 7 -2375
6 15 0 -228
6 15 1 -5909
6 15 2 -1083
6 15 3 -589
6 15 4 -2603
6 15 5 38
6 15 6 -5814
6 15 7 -2375
6 16 0 -228
6 16 1 -5909
6 16 2 -1083
6 16 3 -589
6 16 4 -2603
6 16 5 38
6 16 6 -5814
6 16 7 -2375
6 17 0 -228
6 17 1 -5909
6 17 2 -1083
6 17 3 -589
6 17 4 -2603
6 17 5 38
6 17 6 -5814
6 17 7 -2375
6 18 0 -228
6 18 1 -5909
6 18 2 -1083
6 18 3 -589
6 18 4 -2603
6 18 5 38
6 18 6 -5814
6 18 7 -2375
6 19 0 -228
6 19 1 -5909
6 19 2 -1083
6 19 3 -589
6 19 4 -2603
6 19 5 38
6 19 6 -5814
6 19 7 -2375
6 20 0 -228
6 20 1 -5909
6 20 2 -1083
6 20 3 -589
6 20 4 -2603
6 20 5 38
6 20 6 -5814
6 20 7 -2375
6 21 0 -228
6 21 1 -5909
6 21 2 -1083
6 21 3 -589
6 21 4 -2603
6 21 5 38
6 21 6 -5814
6 21 7 -2375
6 22 0 -228
6 22 1 -5909
6 22 2 -1083
6 22 3 -589
6 22 4 -2603
6 22 5 38
6 22 6 -5814
6 22 7 -2375
6 23 0 -228
6 23 1 -5909
6 23 2 -1083
6 23 3 -589
6 23 4 -2603
6 23 5 38
6 23 6 -5814
6 23 7 -2375
6 24 0 -228
6 24 1 -5909
6 24 2 -1083
6 24 3 -589
6 24 4 -2603
6 24 5 38
6 24 6 -5814
6 24 7 -2375
6 25 0 -228
6 25 1 -5909
6 25 2 -1083
6 25 3 -589
6 25 4 -2603
6 25 5 38
6 25 6 -5814
6 25 7 -2375
6 26 0 -228
6 26 1 -5909
6 26 2 -1083
6 26 3 -589
6 26 4 -2603
6 26 5 38
6 26 6 -5814
6 26 7 -2375
6 27 0 -228
6 27 1 -5073
6 27 2 1254
6 27 3 2090
6 27 4 -570
6 27 5 -19
6 27 6 -3933
6 27 7 -988
7 0 0 2869
7 0 1 -1558
7 0 2 -3382
7 0 3 -2926
7 0 4 -1881
7 0 5 19
7 0 6 -4256
7 0 7 -2052
7 1 0 -4579
7 1 1 -5909
7 1 2 -1083
7 1 3 -589
7 1 4 -2603
7 1 5 38
7 1 6 -5814
7 1 7 -2375
7 2 0 -228
7 2 1 -5909
7 2 2 -1083
7 2 3 -589
7 2 4 -2603
7 2 5 38
7 2 6 -5814
7 2 7 -2375
7 3 0 -228
7 3 1 -5909
7 3 2 -1083
7 3 3 -589
7 3 4 -2603
7 3 5 38
7 3 6 -5814
7 3 7 -2375
7 4 0 -228
7 4 1 -5909
7 4 2 -1083
7 4 3 -589
7 4 4 -2603
7 4 5 38
7 4 6 -5814
7 4 7 -2375
7 5 0 -228
7 5 1 -12422
7 5 2 5572
7 5 3 11118
7 5 4 7027
7 5 5 -291
7 5 6 6921
7 5 7 3526
7 6 0 4134
7 6 1 -10893
7 6 2 8426
7 6 3 11840
7 6 4 11937
7 6 5 -4092
7 6 6 14802
7 6 7 8501
7 7 0 22046
7 7 1 4737
7 7 2 -10650
7 7 3 1137
7 7 4 24730
7 7 5 1
7 7 6 21059
7 7 7 19976
7 8 0 11729
7 8 1 9693
7 8 2 -14475
7 8 3 -4779
7 8 4 26580
7 8 5 4493
7 8 6 23484
7 8 7 21675
7 9 0 5269
7 9 1 6521
7 9 2 -14308
7 9 3 -4817
7 9 4 24468
7 9 5 7239
7 9 6 19212
7 9 7 22064
7 10 0 2449
7 10 1 2868
7 10 2 -13147
7 10 3 -6802
7 10 4 20294
7 10 5 7814
7 10 6 12610
7 10 7 20929
7 11 0 735
7 11 1 -1224
7 11 2 -12635
7 11 3 -5725
7 11 4 15774
7 11 5 5062
7 11 6 4377
7 11 7 18948
7 12 0 2159
7 12 1 -3684
7 12 2 -11279
7 12 3 -4287
7 12 4 13777
7 12 5 4191
7 12 6 1710
7 12 7 17175
7 13 0 757
7 13 1 -7152
7 13 2 -7411
7 13 3 -1154
7 13 4 11522
7 13 5 2750
7 13 6 514
7 13 7 15140
7 14 0 4066
7 14 1 -7152
7 14 2 -7411
7 14 3 -1154
7 14 4 11522
7 14 5 2750
7 14 6 514
7 14 7 15140
7 15 0 4066
7 15 1 -7152
7 15 2 -7411
7 15 3 -1154
7 15 4 11522
7 15 5 2750
7 15 6 514
7 15 7 15140
7 16 0 4066
7 16 1 -7152
7 16 2 -7411
7 16 3 -1154
7 16 4 11522
7 16 5 2750
7 16 6 514
7 16 7 15140
7 17 0 4066
7 17 1 -7152
7 17 2 -7411
7 17 3 -1154
7 17 4 11522
7 17 5 2750
7 17 6 514
7 17 7 15140
7 18 0 4066
7 18 1 -7152
7 18 2 -7411
7 18 3 -1154
7 18 4 11522
7 18 5 2750
7 18 6 514
7 18 7 15140
7 19 0 4066
7 19 1 -6144
7 19 2 -8195
7 19 3 -2514
7 19 4 10466
7 19 5 2350
7 19 6 -782
7 19 7 14324
7 20 0 3970
7 20 1 -1651
7 20 2 -11830
7 20 3 -7793
7 20 4 6140
7 20 5 659
7 20 6 -6065
7 20 7 10411
7 21 0 2000
7 21 1 274
7 21 2 -12742
7 21 3 -7577
7 21 4 3522
7 21 5 -126
7 21 6 -7636
7 21 7 5636
7 22 0 -3690
7 22 1 -3839
7 22 2 -4893
7 22 3 -2509
7 22 4 -653
7 22 5 -22
7 22 6 -6294
7 22 7 -185
7 23 0 -2208
7 23 1 -5909
7 23 2 -1083
7 23 3 -589
7 23 4 -2603
7 23 5 38
7 23 6 -5814
7 23 7 -2375
7 24 0 -228
7 24 1 -5909
7 24 2 -1083
7 24 3 -589
7 24 4 -2603
7 24 5 38
7 24 6 -5814
7 24 7 -2375
7 25 0 -228
7 25 1 -5909
7 25 2 -1083
7 25 3 -589
7 25 4 -2603
7 25 5 38
7 25 6 -5814
7 25 7 -2375
7 26 0 -228
7 26 1 -5909
7 26 2 -1083
7 26 3 -589
7 26 4 -2603
7 26 5 38
7 26 6 -5814
7 26 7 -2375
7 27 0 -228
7 27 1 -5073
7 27 2 1254
7 27 3 2090
7 27 4 -570
7 27 5 -19
7 27 6 -3933
7 27 7 -988
8 0 0 2869
8 0 1 -1558
8 0 2 -3382
8 0 3 -2926
8 0 4 -1881
8 0 5 19
8 0 6 -4256
8 0 7 -2052
8 1 0 -4579
8 1 1 -5909
8 1 2 -1083
8 1 3 -589
8 1 4 -2603
8 1 5 38
8 1 6 -5814
8 1 7 -2375
8 2 0 -228
8 2 1 -5909
8 2 2 -1083
8 2 3 -589
8 2 4 -2603
8 2 5 38
8 2 6 -5814
8 2 7 -2375
8 3 0 -228
8 3 1 -5909
8 3 2 -1083
8 3 3 -589
8 3 4 -2603
8 3 5 38
8 3 6 -5814
8 3 7 -2375
8 4 0 -228
8 4 1 -5909
8 4 2 -1083
8 4 3 -589
8 4 4 -2603
8 4 5 38
8 4 6 -5814
8 4 7 -2375
8 5 0 -228
8 5 1 -718
8 5 2 5042
8 5 3 6830
8 5 4 3927
8 5 5 -6123
8 5 6 2157
8 5 7 -329
8 6 0 13461
8 6 1 9518
8 6 2 10505
8 6 3 14788
8 6 4 11621
8 6 5 -4303
8 6 6 17022
8 6 7 5517
8 7 0 24152
8 7 1 26960
8 7 2 4837
8 7 3 1562
8 7 4 10598
8 7 5 208
8 7 6 29362
8 7 7 5048
8 8 0 6851
8 8 1 33419
8 8 2 2484
8 8 3 1661
8 8 4 12200
8 8 5 -2337
8 8 6 33329
8 8 7 3876
8 9 0 -3228
8 9 1 24524
8 9 2 3162
8 9 3 2769
8 9 4 12739
8 9 5 -2875
8 9 6 36961
8 9 7 3583
8 10 0 -1923
8 10 1 22199
8 10 2 -1732
8 10 3 2446
8 10 4 19809
8 10 5 -1902
8 10 6 37308
8 10 7 8738
8 11 0 420
8 11 1 15845
8 11 2 -7954
8 11 3 -1346
8 11 4 24794
8 11 5 2943
8 11 6 34850
8 11 7 15762
8 12 0 3445
8 12 1 16162
8 12 2 -13964
8 12 3 -6070
8 12 4 26378
8 12 5 2888
8 12 6 28811
8 12 7 18748
8 13 0 4358
8 13 1 12769
8 13 2 -15431
8 13 3 -3723
8 13 4 28952
8 13 5 2937
8 13 6 27649
8 13 7 21299
8 14 0 5635
8 14 1 11393
8 14 2 -13047
8 14 3 -3115
8 14 4 27816
8 14 5 2985
8 14 6 27761
8 14 7 20627
8 15 0 8259
8 15 1 12497
8 15 2 -15079
8 15 3 -4139
8 15 4 28856
8 15 5 2953
8 15 6 27505
8 15 7 21795
8 16 0 7203
8 16 1 12623
8 16 2 -15177
8 16 3 -4309
8 16 4 28724
8 16 5 2903
8 16 6 27343
8 16 7 21693
8 17 0 7191
8 17 1 13413
8 17 2 -15809
8 17 3 -5277
8 17 4 27944
8 17 5 2601
8 17 6 26389
8 17 7 21019
8 18 0 6923
8 18 1 12597
8 18 2 -15133
8 18 3 -3647
8 18 4 28810
8 18 5 2943
8 18 6 27663
8 18 7 21215
8 19 0 5963
8 19 1 11035
8 19 2 -13445
8 19 3 -3547
8 19 4 27530
8 19 5 4149
8 19 6 26913
8 19 7 20965
8 20 0 6927
8 20 1 13011
8 20 2 -18563
8 20 3 -11705
8 20 4 21416
8 20 5 7435
8 20 6 16471
8 20 7 19204
8 21 0 252
8 21 1 12677
8 21 2 -21779
8 21 3 -18160
8 21 4 11112
8 21 5 6625
8 21 6 1398
8 21 7 12170
8 22 0 -8991
8 22 1 2101
8 22 2 -12233
8 22 3 -7899
8 22 4 3497
8 22 5 2008
8 22 6 -4814
8 22 7 3765
8 23 0 -7878
8 23 1 -5909
8 23 2 -1083
8 23 3 -589
8 23 4 -2603
8 23 5 38
8 23 6 -5814
8 23 7 -2375
8 24 0 -228
8 24 1 -5909
8 24 2 -1083
8 24 3 -589
8 24 4 -2603
8 24 5 38
8 24 6 -5814
8 24 7 -2375
8 25 0 -228
8 25 1 -5909
8 25 2 -1083
8 25 3 -589
8 25 4 -2603
8 25 5 38
8 25 6 -5814
8 25 7 -2375
8 26 0 -228
8 26 1 -5909
8 26 2 -1083
8 26 3 -589
8 26 4 -2603
8 26 5 38
8 26 6 -5814
8 26 7 -2375
8 27 0 -228
8 27 1 -5073
8 27 2 1254
8 27 3 2090
8 27 4 -570
8 27 5 -19
8 27 6 -3933
8 27 7 -988
9 0 0 2869
9 0 1 -1558
9 0 2 -3382
9 0 3 -2926
9 0 4 -1881
9 0 5 19
9 0 6 -4256
9 0 7 -2052
9 1 0 -4579
9 1 1 -5909
9 1 2 -1083
9 1 3 -589
9 1 4 -2603
9 1 5 38
9 1 6 -5814
9 1 7 -2375
9 2 0 -228
9 2 1 -5909
9 2 2 -1083
9 2 3 -589
9 2 4 -2603
9 2 5 38
9 2 6 -5814
9 2 7 -2375
9 3 0 -228
9 3 1 -5909
9 3 2 -1083
9 3 3 -589
9 3 4 -2603
9 3 5 38
9 3 6 -5814
9 3 7 -2375
9 4 0 -228
9 4 1 -5909
9 4 2 -1083
9 4 3 -589
9 4 4 -2603
9 4 5 38
9 4 6 -5814
9 4 7 -2375
9 5 0 -228
9 5 1 4921
9 5 2 7514
9 5 3 4832
9 5 4 290
9 5 5 2979
9 5 6 -8067
9 5 7 1487
9 6 0 13036
9 6 1 8504
9 6 2 15610
9 6 3 8383
9 6 4 -4510
9 6 5 2212
9 6 6 1190
9 6 7 770
9 7 0 12128
9 7 1 22250
9 7 2 19435
9 7 3 7894
9 7 4 -10711
9 7 5 -2237
9 7 6 8924
9 7 7 -6719
9 8 0 -3513
9 8 1 25109
9 8 2 20134
9 8 3 5935
9 8 4 -11791
9 8 5 -3260
9 8 6 10292
9 8 7 -8333
9 9 0 -5862
9 9 1 25497
9 9 2 20506
9 9 3 8915
9 9 4 -10295
9 9 5 -7080
9 9 6 12200
9 9 7 -8501
9 10 0 -1362
9 10 1 29238
9 10 2 19298
9 10 3 9269
9 10 4 -6322
9 10 5 -8226
9 10 6 19640
9 10 7 -7957
9 11 0 -409
9 11 1 30580
9 11 2 17013
9 11 3 9708
9 11 4 -937
9 11 5 -7887
9 11 6 28822
9 11 7 -6249
9 12 0 -1334
9 12 1 35865
9 12 2 11306
9 12 3 2872
9 12 4 1188
9 12 5 -4489
9 12 6 28312
9 12 7 -4577
9 13 0 -1625
9 13 1 35225
9 13 2 7682
9 13 3 2805
9 13 4 6467
9 13 5 -2130
9 13 6 30434
9 13 7 -597
9 14 0 -4454
9 14 1 32325
9 14 2 12232
9 14 3 5577
9 14 4 4849
9 14 5 -3224
9 14 6 30964
9 14 7 -1745
9 15 0 2066
9 15 1 35723
9 15 2 7894
9 15 3 2489
9 15 4 7279
9 15 5 -2148
9 15 6 31700
9 15 7 605
9 16 0 -1178
9 16 1 35913
9 16 2 7680
9 16 3 2111
9 16 4 6963
9 16 5 -2102
9 16 6 31274
9 16 7 425
9 17 0 -1352
9 17 1 36869
9 17 2 6462
9 17 3 59
9 17 4 5099
9 17 5 -1774
9 17 6 28724
9 17 7 -711
9 18 0 -2818
9 18 1 28730
9 18 2 13041
9 18 3 11406
9 18 4 12649
9 18 5 159
9 18 6 38359
9 18 7 4196
9 19 0 -3016
9 19 1 23161
9 19 2 17995
9 19 3 11156
9 19 4 11409
9 19 5 -1038
9 19 6 39374
9 19 7 6487
9 20 0 10480
9 20 1 30953
9 20 2 -7900
9 20 3 -9012
9 20 4 12549
9 20 5 -714
9 20 6 29864
9 20 7 10342
9 21 0 -7981
9 21 1 27363
9 21 2 -19568
9 21 3 -18062
9 21 4 8317
9 21 5 3194
9 21 6 13291
9 21 7 6119
9 22 0 -22973
9 22 1 7250
9 22 2 -10300
9 22 3 -9913
9 22 4 2052
9 22 5 3496
9 22 6 -50
9 22 7 898
9 23 0 -13094
9 23 1 -5909
9 23 2 -1083
9 23 3 -589
9 23 4 -2603
9 23 5 38
9 23 6 -5814
9 23 7 -2375
9 24 0 -228
9 24 1 -5909
9 24 2 -1083
9 24 3 -589
9 24 4 -2603
9 24 5 38
9 24 6 -5814
9 24 7 -2375
9 25 0 -228
9 25 1 -5909
9 25 2 -1083
9 25 3 -589
9 25 4 -2603
9 25 5 38
9 25 6 -5814
9 25 7 -2375
9 26 0 -228
9 26 1 -5909
9 26 2 -1083
9 26 3 -589
9 26 4 -2603
9 26 5 38
9 26 6 -5814
9 26 7 -2375
9 27 0 -228
9 27 1 -5073
9 27 2 1254
9 27 3 2090
9 27 4 -570
9 27 5 -19
9 27 6 -3933
9 27 7 -988
10 0 0 2869
10 0 1 -1558
10 0 2 -3382
10 0 3 -2926
10 0 4 -1881
10 0 5 19
10 0 6 -4256
10 0 7 -2052
10 1 0 -4579
10 1 1 -5909
10 1 2 -1083
10 1 3 -589
10 1 4 -2603
10 1 5 38
10 1 6 -5814
10 1 7 -2375
10 2 0 -228
10 2 1 -5909
10 2 2 -1083
10 2 3 -589
10 2 4 -2603
10 2 5 38
10 2 6 -5814
10 2 7 -2375
10 3 0 -228
10 3 1 -5909
10 3 2 -1083
10 3 3 -589
10 3 4 -2603
10 3 5 38
10 3 6 -5814
10 3 7 -2375
10 4 0 -228
10 4 1 -5909
10 4 2 -1083
10 4 3 -589
10 4 4 -2603
10 4 5 38
10 4 6 -5814
10 4 7 -2375
10 5 0 -228
10 5 1 -3021
10 5 2 1387
10 5 3 817
10 5 4 -2033
10 5 5 1748
10 5 6 -7068
10 5 7 -1083
10 6 0 2888
10 6 1 -1273
10 6 2 5460
10 6 3 2196
10 6 4 -4060
10 6 5 3115
10 6 6 -6515
10 6 7 -659
10 7 0 3544
10 7 1 -387
10 7 2 7029
10 7 3 2110
10 7 4 -8314
10 7 5 -517
10 7 6 -3861
10 7 7 -4334
10 8 0 -2723
10 8 1 3708
10 8 2 8178
10 8 3 3136
10 8 4 -7957
10 8 5 -1423
10 8 6 -4971
10 8 7 -4988
10 9 0 -2039
10 9 1 3796
10 9 2 10526
10 9 3 4076
10 9 4 -7705
10 9 5 1613
10 9 6 -5511
10 9 7 -2764
10 10 0 1289
10 10 1 8542
10 10 2 15665
10 10 3 6251
10 10 4 -10050
10 10 5 980
10 10 6 -4630
10 10 7 -3574
10 11 0 1909
10 11 1 13040
10 11 2 19961
10 11 3 8390
10 11 4 -12441
10 11 5 -2231
10 11 6 -715
10 11 7 -5559
10 12 0 1580
10 12 1 16217
10 12 2 19895
10 12 3 7978
10 12 4 -14494
10 12 5 -2665
10 12 6 3115
10 12 7 -7804
10 13 0 -5907
10 13 1 20080
10 13 2 20730
10 13 3 6276
10 13 4 -14325
10 13 5 -3171
10 13 6 3087
10 13 7 -8632
10 14 0 -5791
10 14 1 18120
10 14 2 21232
10 14 3 9272
10 14 4 -13477
10 14 5 -4207
10 14 6 3943
10 14 7 -7574
10 15 0 -2103
10 15 1 21842
10 15 2 20866
10 15 3 7306
10 15 4 -13489
10 15 5 -3197
10 15 6 6575
10 15 7 -8330
10 16 0 -5817
10 16 1 21566
10 16 2 20700
10 16 3 7156
10 16 4 -13623
10 16 5 -2995
10 16 6 6437
10 16 7 -8350
10 17 0 -6281
10 17 1 16775
10 17 2 22015
10 17 3 10153
10 17 4 -11393
10 17 5 -750
10 17 6 9058
10 17 7 -6139
10 18 0 -8635
10 18 1 12903
10 18 2 29806
10 18 3 19622
10 18 4 -2401
10 18 5 -6728
10 18 6 19468
10 18 7 -810
10 19 0 7446
10 19 1 21252
10 19 2 22526
10 19 3 17276
10 19 4 5430
10 19 5 -9114
10 19 6 26723
10 19 7 6745
10 20 0 19303
10 20 1 39742
10 20 2 -4634
10 20 3 -10190
10 20 4 5043
10 20 5 -1155
10 20 6 24947
10 20 7 6788
10 21 0 -12588
10 21 1 28604
10 21 2 -12061
10 21 3 -14515
10 21 4 -116
10 21 5 90
10 21 6 15282
10 21 7 -1428
10 22 0 -32802
10 22 1 6004
10 22 2 -1246
10 22 3 -4562
10 22 4 -4683
10 22 5 -1251
10 22 6 422
10 22 7 -6315
10 23 0 -12427
10 23 1 -5909
10 23 2 -1083
10 23 3 -589
10 23 4 -2603
10 23 5 38
10 23 6 -5814
10 23 7 -2375
10 24 0 -228
10 24 1 -5909
10 24 2 -1083
10 24 3 -589
10 24 4 -2603
10 24 5 38
10 24 6 -5814
10 24 7 -2375
10 25 0 -228
10 25 1 -5909
10 25 2 -1083
10 25 3 -589
10 25 4 -2603
10 25 5 38
10 25 6 -5814
10 25 7 -2375
10 26 0 -228
10 26 1 -5909
10 26 2 -1083
10 26 3 -589
10 26 4 -2603
10 26 5 38
10 26 6 -5814
10 26 7 -2375
10 27 0 -228
10 27 1 -5073
10 27 2 1254
10 27 3 2090
10 27 4 -570
10 27 5 -19
10 27 6 -3933
10 27 7 -988
11 0 0 2869
11 0 1 -1558
11 0 2 -3382
11 0 3 -2926
11 0 4 -1881
11 0 5 19
11 0 6 -4256
11 0 7 -2052
11 1 0 -4579
11 1 1 -5909
11 1 2 -1083
11 1 3 -589
11 1 4 -2603
11 1 5 38
11 1 6 -5814
11 1 7 -2375
11 2 0 -228
11 2 1 -5909
11 2 2 -1083
11 2 3 -589
11 2 4 -2603
11 2 5 38
11 2 6 -5814
11 2 7 -2375
11 3 0 -228
11 3 1 -5909
11 3 2 -1083
11 3 3 -589
11 3 4 -2603
11 3 5 38
11 3 6 -5814
11 3 7 -2375
11 4 0 -228
11 4 1 -5909
11 4 2 -1083
11 4 3 -589
11 4 4 -2603
11 4 5 38
11 4 6 -5814
11 4 7 -2375
11 5 0 -228
11 5 1 -5909
11 5 2 -1083
11 5 3 -589
11 5 4 -2603
11 5 5 38
11 5 6 -5814
11 5 7 -2375
11 6 0 -228
11 6 1 -5909
11 6 2 -1083
11 6 3 -589
11 6 4 -2603
11 6 5 38
11 6 6 -5814
11 6 7 -2375
11 7 0 -228
11 7 1 -5909
11 7 2 -1083
11 7 3 -589
11 7 4 -2603
11 7 5 38
11 7 6 -5814
11 7 7 -2375
11 8 0 -228
11 8 1 -5909
11 8 2 -1083
11 8 3 -589
11 8 4 -2603
11 8 5 38
11 8 6 -5814
11 8 7 -2375
11 9 0 -228
11 9 1 -5909
11 9 2 -1083
11 9 3 -589
11 9 4 -2603
11 9 5 38
11 9 6 -5814
11 9 7 -2375
11 10 0 -228
11 10 1 -5149
11 10 2 -433
11 10 3 -219
11 10 4 -2453
11 10 5 488
11 10 6 -6144
11 10 7 -2035
11 11 0 592
11 11 1 -3101
11 11 2 1997
11 11 3 917
11 11 4 -2673
11 11 5 1788
11 11 6 -6688
11 11 7 -1213
11 12 0 2478
11 12 1 -4835
11 12 2 2145
11 12 3 227
11 12 4 -5485
11 12 5 -150
11 12 6 -4414
11 12 7 -3257
11 13 0 -1970
11 13 1 -159
11 13 2 3357
11 13 3 1429
11 13 4 -4711
11 13 5 -880
11 13 6 -5928
11 13 7 -3695
11 14 0 -632
11 14 1 -2709
11 14 2 4017
11 14 3 1309
11 14 4 -4921
11 14 5 1340
11 14 6 -5448
11 14 7 -2105
11 15 0 658
11 15 1 -399
11 15 2 5187
11 15 3 1729
11 15 4 -6631
11 15 5 -760
11 15 6 -4788
11 15 7 -4085
11 16 0 -1862
11 16 1 -1522
11 16 2 5564
11 16 3 2686
11 16 4 -5833
11 16 5 -615
11 16 6 -3603
11 16 7 -3558
11 17 0 -2112
11 17 1 -9486
11 17 2 10479
11 17 3 12587
11 17 4 3157
11 17 5 -2039
11 17 6 8971
11 17 7 1705
11 18 0 1767
11 18 1 3767
11 18 2 18168
11 18 3 17240
11 18 4 13083
11 18 5 -3188
11 18 6 13263
11 18 7 11392
11 19 0 32408
11 19 1 25445
11 19 2 1138
11 19 3 1035
11 19 4 14639
11 19 5 1460
11 19 6 18772
11 19 7 18135
11 20 0 19263
11 20 1 37142
11 20 2 -8571
11 20 3 -12473
11 20 4 2595
11 20 5 2873
11 20 6 20944
11 20 7 4389
11 21 0 -25726
11 21 1 18601
11 21 2 -1916
11 21 3 -9427
11 21 4 -7497
11 21 5 -1472
11 21 6 9022
11 21 7 -7937
11 22 0 -27281
11 22 1 -382
11 22 2 966
11 22 3 -465
11 22 4 -5780
11 22 5 -3522
11 22 6 -3712
11 22 7 -6301
11 23 0 -6142
11 23 1 -5909
11 23 2 -1083
11 23 3 -589
11 23 4 -2603
11 23 5 38
11 23 6 -5814
11 23 7 -2375
11 24 0 -228
11 24 1 -5909
11 24 2 -1083
11 24 3 -589
11 24 4 -2603
11 24 5 38
11 24 6 -5814
11 24 7 -2375
11 25 0 -228
11 25 1 -5909
11 25 2 -1083
11 25 3 -589
11 25 4 -2603
11 25 5 38
11 25 6 -5814
11 25 7 -2375
11 26 0 -228
11 26 1 -5909
11 26 2 -1083
11 26 3 -589
11 26 4 -2603
11 26 5 38
11 26 6 -5814
11 26 7 -2375
11 27 0 -228
11 27 1 -5073
11 27 2 1254
11 27 3 2090
11 27 4 -570
11 27 5 -19
11 27 6 -3933
11 27 7 -988
12 0 0 2869
12 0 1 -1558
12 0 2 -3382
12 0 3 -2926
12 0 4 -1881
12 0 5 19
12 0 6 -4256
12 0 7 -2052
12 1 0 -4579
12 1 1 -5909
12 1 2 -1083
12 1 3 -589
12 1 4 -2603
12 1 5 38
12 1 6 -5814
12 1 7 -2375
12 2 0 -228
12 2 1 -5909
12 2 2 -1083
12 2 3 -589
12 2 4 -2603
12 2 5 38
12 2 6 -5814
12 2 7 -2375
12 3 0 -228
12 3 1 -5909
12 3 2 -1083
12 3 3 -589
12 3 4 -2603
12 3 5 38
12 3 6 -5814
12 3 7 -2375
12 4 0 -228
12 4 1 -5909
12 4 2 -1083
12 4 3 -589
12 4 4 -2603
12 4 5 38
12 4 6 -5814
12 4 7 -2375
12 5 0 -228
12 5 1 -5909
12 5 2 -1083
12 5 3 -589
12 5 4 -2603
12 5 5 38
12 5 6 -5814
12 5 7 -2375
12 6 0 -228
12 6 1 -5909
12 6 2 -1083
12 6 3 -589
12 6 4 -2603
12 6 5 38
12 6 6 -5814
12 6 7 -2375
12 7 0 -228
12 7 1 -5909
12 7 2 -1083
12 7 3 -589
12 7 4 -2603
12 7 5 38
12 7 6 -5814
12 7 7 -2375
12 8 0 -228
12 8 1 -5909
12 8 2 -1083
12 8 3 -589
12 8 4 -2603
12 8 5 38
12 8 6 -5814
12 8 7 -2375
12 9 0 -228
12 9 1 -5909
12 9 2 -1083
12 9 3 -589
12 9 4 -2603
12 9 5 38
12 9 6 -5814
12 9 7 -2375
12 10 0 -228
12 10 1 -5909
12 10 2 -1083
12 10 3 -589
12 10 4 -2603
12 10 5 38
12 10 6 -5814
12 10 7 -2375
12 11 0 -228
12 11 1 -5909
12 11 2 -1083
12 11 3 -589
12 11 4 -2603
12 11 5 38
12 11 6 -5814
12 11 7 -2375
12 12 0 -228
12 12 1 -5909
12 12 2 -1083
12 12 3 -589
12 12 4 -2603
12 12 5 38
12 12 6 -5814
12 12 7 -2375
12 13 0 -228
12 13 1 -5909
12 13 2 -1083
12 13 3 -589
12 13 4 -2603
12 13 5 38
12 13 6 -5814
12 13 7 -2375
12 14 0 -228
12 14 1 -5909
12 14 2 -1083
12 14 3 -589
12 14 4 -2603
12 14 5 38
12 14 6 -5814
12 14 7 -2375
12 15 0 -228
12 15 1 -5909
12 15 2 -1083
12 15 3 -589
12 15 4 -2603
12 15 5 38
12 15 6 -5814
12 15 7 -2375
12 16 0 -228
12 16 1 -10168
12 16 2 2660
12 16 3 5948
12 16 4 2619
12 16 5 939
12 16 6 843
12 16 7 1243
12 17 0 1191
12 17 1 -7788
12 17 2 11538
12 17 3 14455
12 17 4 11492
12 17 5 -3896
12 17 6 11745
12 17 7 7537
12 18 0 21996
12 18 1 12792
12 18 2 8826
12 18 3 13982
12 18 4 21912
12 18 5 14
12 18 6 20916
12 18 7 19416
12 19 0 32593
12 19 1 33482
12 19 2 -4857
12 19 3 -9314
12 19 4 11761
12 19 5 8773
12 19 6 21772
12 19 7 16042
12 20 0 -289
12 20 1 29094
12 20 2 -10314
12 20 3 -15638
12 20 4 -2414
12 20 5 796
12 20 6 14813
12 20 7 -203
12 21 0 -33581
12 21 1 8877
12 21 2 -519
12 21 3 -3840
12 21 4 -7048
12 21 5 -5035
12 21 6 378
12 21 7 -8130
12 22 0 -16081
12 22 1 -5139
12 22 2 -693
12 22 3 -449
12 22 4 -3173
12 22 5 -662
12 22 6 -5594
12 22 7 -3035
12 23 0 -1068
12 23 1 -5909
12 23 2 -1083
12 23 3 -589
12 23 4 -2603
12 23 5 38
12 23 6 -5814
12 23 7 -2375
12 24 0 -228
12 24 1 -5909
12 24 2 -1083
12 24 3 -589
12 24 4 -2603
12 24 5 38
12 24 6 -5814
12 24 7 -2375
12 25 0 -228
12 25 1 -5909
12 25 2 -1083
12 25 3 -589
12 25 4 -2603
12 25 5 38
12 25 6 -5814
12 25 7 -2375
12 26 0 -228
12 26 1 -5909
12 26 2 -1083
12 26 3 -589
12 26 4 -2603
12 26 5 38
12 26 6 -5814
12 26 7 -2375
12 27 0 -228
12 27 1 -5073
12 27 2 1254
12 27 3 2090
12 27 4 -570
12 27 5 -19
12 27 6 -3933
12 27 7 -988
13 0 0 2869
13 0 1 -1558
13 0 2 -3382
13 0 3 -2926
13 0 4 -1881
13 0 5 19
13 0 6 -4256
13 0 7 -2052
13 1 0 -4579
13 1 1 -5909
13 1 2 -1083
13 1 3 -589
13 1 4 -2603
13 1 5 38
13 1 6 -5814
13 1 7 -2375
13 2 0 -228
13 2 1 -5909
13 2 2 -1083
13 2 3 -589
13 2 4 -2603
13 2 5 38
13 2 6 -5814
13 2 7 -2375
13 3 0 -228
13 3 1 -5909
13 3 2 -1083
13 3 3 -589
13 3 4 -2603
13 3 5 38
13 3 6 -5814
13 3 7 -2375
13 4 0 -228
13 4 1 -5909
13 4 2 -1083
13 4 3 -589
13 4 4 -2603
13 4 5 38
13 4 6 -5814
13 4 7 -2375
13 5 0 -228
13 5 1 -5909
13 5 2 -1083
13 5 3 -589
13 5 4 -2603
13 5 5 38
13 5 6 -5814
13 5 7 -2375
13 6 0 -228
13 6 1 -5909
13 6 2 -1083
13 6 3 -589
13 6 4 -2603
13 6 5 38
13 6 6 -5814
13 6 7 -2375
13 7 0 -228
13 7 1 -5909
13 7 2 -1083
13 7 3 -589
13 7 4 -2603
13 7 5 38
13 7 6 -5814
13 7 7 -2375
13 8 0 -228
13 8 1 -5909
13 8 2 -1083
13 8 3 -589
13 8 4 -2603
13 8 5 38
13 8 6 -5814
13 8 7 -2375
13 9 0 -228
13 9 1 -5909
13 9 2 -1083
13 9 3 -589
13 9 4 -2603
13 9 5 38
13 9 6 -5814
13 9 7 -2375
13 10 0 -228
13 10 1 -5909
13 10 2 -1083
13 10 3 -589
13 10 4 -2603
13 10 5 38
13 10 6 -5814
13 10 7 -2375
13 11 0 -228
13 11 1 -5909
13 11 2 -1083
13 11 3 -589
13 11 4 -2603
13 11 5 38
13 11 6 -5814
13 11 7 -2375
13 12 0 -228
13 12 1 -5909
13 12 2 -1083
13 12 3 -589
13 12 4 -2603
13 12 5 38
13 12 6 -5814
13 12 7 -2375
13 13 0 -228
13 13 1 -5909
13 13 2 -1083
13 13 3 -589
13 13 4 -2603
13 13 5 38
13 13 6 -5814
13 13 7 -2375
13 14 0 -228
13 14 1 -5909
13 14 2 -1083
13 14 3 -589
13 14 4 -2603
13 14 5 38
13 14 6 -5814
13 14 7 -2375
13 15 0 -228
13 15 1 -8051
13 15 2 583
13 15 3 2301
13 15 4 -359
13 15 5 888
13 15 6 -3060
13 15 7 -641
13 16 0 -24
13 16 1 -12214
13 16 2 8183
13 16 3 12569
13 16 4 8750
13 16 5 -1170
13 16 6 8808
13 16 7 5526
13 17 0 10578
13 17 1 4032
13 17 2 13521
13 17 3 15794
13 17 4 17840
13 17 5 -1032
13 17 6 14704
13 17 7 15806
13 18 0 35214
13 18 1 29814
13 18 2 -1507
13 18 3 -2235
13 18 4 15815
13 18 5 1855
13 18 6 20430
13 18 7 18294
13 19 0 17580
13 19 1 37524
13 19 2 -9948
13 19 3 -11884
13 19 4 3824
13 19 5 1234
13 19 6 23825
13 19 7 3679
13 20 0 -26396
13 20 1 20235
13 20 2 -2155
13 20 3 -9518
13 20 4 -6028
13 20 5 -483
13 20 6 11360
13 20 7 -8282
13 21 0 -26948
13 21 1 -215
13 21 2 -75
13 21 3 -1756
13 21 4 -4532
13 21 5 -1477
13 21 6 -2880
13 21 7 -5227
13 22 0 -6151
13 22 1 -5909
13 22 2 -1083
13 22 3 -589
13 22 4 -2603
13 22 5 38
13 22 6 -5814
13 22 7 -2375
13 23 0 -228
13 23 1 -5909
13 23 2 -1083
13 23 3 -589
13 23 4 -2603
13 23 5 38
13 23 6 -5814
13 23 7 -2375
13 24 0 -228
13 24 1 -5909
13 24 2 -1083
13 24 3 -589
13 24 4 -2603
13 24 5 38
13 24 6 -5814
13 24 7 -2375
13 25 0 -228
13 25 1 -5909
13 25 2 -1083
13 25 3 -589
13 25 4 -2603
13 25 5 38
13 25 6 -5814
13 25 7 -2375
13 26 0 -228
13 26 1 -5909
13 26 2 -1083
13 26 3 -589
13 26 4 -2603
13 26 5 38
13 26 6 -5814
13 26 7 -2375
13 27 0 -228
13 27 1 -5073
13 27 2 1254
13 27 3 2090
13 27 4 -570
13 27 5 -19
13 27 6 -3933
13 27 7 -988
14 0 0 2869
14 0 1 -1558
14 0 2 -3382
14 0 3 -2926
14 0 4 -1881
14 0 5 19
14 0 6 -4256
14 0 7 -2052
14 1 0 -4579
14 1 1 -5909
14 1 2 -1083
14 1 3 -589
14 1 4 -2603
14 1 5 38
14 1 6 -5814
14 1 7 -2375
14 2 0 -228
14 2 1 -5909
14 2 2 -1083
14 2 3 -589
14 2 4 -2603
14 2 5 38
14 2 6 -5814
14 2 7 -2375
14 3 0 -228
14 3 1 -5909
14 3 2 -1083
14 3 3 -589
14 3 4 -2603
14 3 5 38
14 3 6 -5814
14 3 7 -2375
14 4 0 -228
14 4 1 -5909
14 4 2 -1083
14 4 3 -589
14 4 4 -2603
14 4 5 38
14 4 6 -5814
14 4 7 -2375
14 5 0 -228
14 5 1 -5909
14 5 2 -1083
14 5 3 -589
14 5 4 -2603
14 5 5 38
14 5 6 -5814
14 5 7 -2375
14 6 0 -228
14 6 1 -5909
14 6 2 -1083
14 6 3 -589
14 6 4 -2603
14 6 5 38
14 6 6 -5814
14 6 7 -2375
14 7 0 -228
14 7 1 -5909
14 7 2 -1083
14 7 3 -589
14 7 4 -2603
14 7 5 38
14 7 6 -5814
14 7 7 -2375
14 8 0 -228
14 8 1 -5909
14 8 2 -1083
14 8 3 -589
14 8 4 -2603
14 8 5 38
14 8 6 -5814
14 8 7 -2375
14 9 0 -228
14 9 1 -5909
14 9 2 -1083
14 9 3 -589
14 9 4 -2603
14 9 5 38
14 9 6 -5814
14 9 7 -2375
14 10 0 -228
14 10 1 -5909
14 10 2 -1083
14 10 3 -589
14 10 4 -2603
14 10 5 38
14 10 6 -5814
14 10 7 -2375
14 11 0 -228
14 11 1 -5909
14 11 2 -1083
14 11 3 -589
14 11 4 -2603
14 11 5 38
14 11 6 -5814
14 11 7 -2375
14 12 0 -228
14 12 1 -5909
14 12 2 -1083
14 12 3 -589
14 12 4 -2603
14 12 5 38
14 12 6 -5814
14 12 7 -2375
14 13 0 -228
14 13 1 -5909
14 13 2 -1083
14 13 3 -589
14 13 4 -2603
14 13 5 38
14 13 6 -5814
14 13 7 -2375
14 14 0 -228
14 14 1 -5909
14 14 2 -1083
14 14 3 -589
14 14 4 -2603
14 14 5 38
14 14 6 -5814
14 14 7 -2375
14 15 0 -228
14 15 1 -9643
14 15 2 2947
14 15 3 6517
14 15 4 3297
14 15 5 -544
14 15 6 2076
14 15 7 1093
14 16 0 2778
14 16 1 -4137
14 16 2 12839
14 16 3 16201
14 16 4 13447
14 16 5 -3472
14 16 6 13362
14 16 7 8754
14 17 0 25597
14 17 1 16883
14 17 2 7816
14 17 3 10397
14 17 4 19624
14 17 5 927
14 17 6 22066
14 17 7 18124
14 18 0 29656
14 18 1 39051
14 18 2 -4890
14 18 3 -10447
14 18 4 9110
14 18 5 8613
14 18 6 20369
14 18 7 13010
14 19 0 -5930
14 19 1 27640
14 19 2 -4795
14 19 3 -12770
14 19 4 -5740
14 19 5 1536
14 19 6 14360
14 19 7 -2914
14 20 0 -33422
14 20 1 7475
14 20 2 4210
14 20 3 -1182
14 20 4 -10710
14 20 5 -6903
14 20 6 740
14 20 7 -11107
14 21 0 -15640
14 21 1 -3984
14 21 2 -108
14 21 3 -239
14 21 4 -4028
14 21 5 -1712
14 21 6 -5264
14 21 7 -4025
14 22 0 -2328
14 22 1 -5909
14 22 2 -1083
14 22 3 -589
14 22 4 -2603
14 22 5 38
14 22 6 -5814
14 22 7 -2375
14 23 0 -228
14 23 1 -5909
14 23 2 -1083
14 23 3 -589
14 23 4 -2603
14 23 5 38
14 23 6 -5814
14 23 7 -2375
14 24 0 -228
14 24 1 -5909
14 24 2 -1083
14 24 3 -589
14 24 4 -2603
14 24 5 38
14 24 6 -5814
14 24 7 -2375
14 25 0 -228
14 25 1 -5909
14 25 2 -1083
14 25 3 -589
14 25 4 -2603
14 25 5 38
14 25 6 -5814
14 25 7 -2375
14 26 0 -228
14 26 1 -5909
14 26 2 -1083
14 26 3 -589
14 26 4 -2603
14 26 5 38
14 26 6 -5814
14 26 7 -2375
14 27 0 -228
14 27 1 -5073
14 27 2 1254
14 27 3 2090
14 27 4 -570
14 27 5 -19
14 27 6 -3933
14 27 7 -988
15 0 0 2869
15 0 1 -1558
15 0 2 -3382
15 0 3 -2926
15 0 4 -1881
15 0 5 19
15 0 6 -4256
15 0 7 -2052
15 1 0 -4579
15 1 1 -5909
15 1 2 -1083
15 1 3 -589
15 1 4 -2603
15 1 5 38
15 1 6 -5814
15 1 7 -2375
15 2 0 -228
15 2 1 -5909
15 2 2 -1083
15 2 3 -589
15 2 4 -2603
15 2 5 38
15 2 6 -5814
15 2 7 -2375
15 3 0 -228
15 3 1 -5909
15 3 2 -1083
15 3 3 -589
15 3 4 -2603
15 3 5 38
15 3 6 -5814
15 3 7 -2375
15 4 0 -228
15 4 1 -5909
15 4 2 -1083
15 4 3 -589
15 4 4 -2603
15 4 5 38
15 4 6 -5814
15 4 7 -2375
15 5 0 -228
15 5 1 -5909
15 5 2 -1083
15 5 3 -589
15 5 4 -2603
15 5 5 38
15 5 6 -5814
15 5 7 -2375
15 6 0 -228
15 6 1 -5909
15 6 2 -1083
15 6 3 -589
15 6 4 -2603
15 6 5 38
15 6 6 -5814
15 6 7 -2375
15 7 0 -228
15 7 1 -5909
15 7 2 -1083
15 7 3 -589
15 7 4 -2603
15 7 5 38
15 7 6 -5814
15 7 7 -2375
15 8 0 -228
15 8 1 -5909
15 8 2 -1083
15 8 3 -589
15 8 4 -2603
15 8 5 38
15 8 6 -5814
15 8 7 -2375
15 9 0 -228
15 9 1 -5909
15 9 2 -1083
15 9 3 -589
15 9 4 -2603
15 9 5 38
15 9 6 -5814
15 9 7 -2375
15 10 0 -228
15 10 1 -5909
15 10 2 -1083
15 10 3 -589
15 10 4 -2603
15 10 5 38
15 10 6 -5814
15 10 7 -2375
15 11 0 -228
15 11 1 -5909
15 11 2 -1083
15 11 3 -589
15 11 4 -2603
15 11 5 38
15 11 6 -5814
15 11 7 -2375
15 12 0 -228
15 12 1 -5909
15 12 2 -1083
15 12 3 -589
15 12 4 -2603
15 12 5 38
15 12 6 -5814
15 12 7 -2375
15 13 0 -228
15 13 1 -5909
15 13 2 -1083
15 13 3 -589
15 13 4 -2603
15 13 5 38
15 13 6 -5814
15 13 7 -2375
15 14 0 -228
15 14 1 -6224
15 14 2 -838
15 14 3 -164
15 14 4 -2273
15 14 5 163
15 14 6 -5409
15 14 7 -2120
15 15 0 -198
15 15 1 -8425
15 15 2 7654
15 15 3 11928
15 15 4 7575
15 15 5 -1050
15 15 6 6372
15 15 7 3991
15 16 0 9452
15 16 1 3380
15 16 2 18360
15 16 3 18709
15 16 4 14843
15 16 5 -547
15 16 6 15819
15 16 7 12831
15 17 0 34563
15 17 1 28925
15 17 2 2668
15 17 3 -1003
15 17 4 11465
15 17 5 2638
15 17 6 20259
15 17 7 15019
15 18 0 14401
15 18 1 34708
15 18 2 -9448
15 18 3 -13213
15 18 4 585
15 18 5 1687
15 18 6 20563
15 18 7 2114
15 19 0 -30436
15 19 1 16323
15 19 2 -1099
15 19 3 -8045
15 19 4 -7567
15 19 5 -2450
15 19 6 6598
15 19 7 -8870
15 20 0 -24411
15 20 1 -2965
15 20 2 183
15 20 3 -318
15 20 4 -4508
15 20 5 -2199
15 20 6 -4816
15 20 7 -4655
15 21 0 -3405
15 21 1 -5909
15 21 2 -1083
15 21 3 -589
15 21 4 -2603
15 21 5 38
15 21 6 -5814
15 21 7 -2375
15 22 0 -228
15 22 1 -5909
15 22 2 -1083
15 22 3 -589
15 22 4 -2603
15 22 5 38
15 22 6 -5814
15 22 7 -2375
15 23 0 -228
15 23 1 -5909
15 23 2 -1083
15 23 3 -589
15 23 4 -2603
15 23 5 38
15 23 6 -5814
15 23 7 -2375
15 24 0 -228
15 24 1 -5909
15 24 2 -1083
15 24 3 -589
15 24 4 -2603
15 24 5 38
15 24 6 -5814
15 24 7 -2375
15 25 0 -228
15 25 1 -5909
15 25 2 -1083
15 25 3 -589
15 25 4 -2603
15 25 5 38
15 25 6 -5814
15 25 7 -2375
15 26 0 -228
15 26 1 -5909
15 26 2 -1083
15 26 3 -589
15 26 4 -2603
15 26 5 38
15 26 6 -5814
15 26 7 -2375
15 27 0 -228
15 27 1 -5073
15 27 2 1254
15 27 3 2090
15 27 4 -570
15 27 5 -19
15 27 6 -3933
15 27 7 -988
16 0 0 2869
16 0 1 -1558
16 0 2 -3382
16 0 3 -2926
16 0 4 -1881
16 0 5 19
16 0 6 -4256
16 0 7 -2052
16 1 0 -4579
16 1 1 -5909
16 1 2 -1083
16 1 3 -589
16 1 4 -2603
16 1 5 38
16 1 6 -5814
16 1 7 -2375
16 2 0 -228
16 2 1 -5909
16 2 2 -1083
16 2 3 -589
16 2 4 -2603
16 2 5 38
16 2 6 -5814
16 2 7 -2375
16 3 0 -228
16 3 1 -5909
16 3 2 -1083
16 3 3 -589
16 3 4 -2603
16 3 5 38
16 3 6 -5814
16 3 7 -2375
16 4 0 -228
16 4 1 -5909
16 4 2 -1083
16 4 3 -589
16 4 4 -2603
16 4 5 38
16 4 6 -5814
16 4 7 -2375
16 5 0 -228
16 5 1 -5909
16 5 2 -1083
16 5 3 -589
16 5 4 -2603
16 5 5 38
16 5 6 -5814
16 5 7 -2375
16 6 0 -228
16 6 1 -5909
16 6 2 -1083
16 6 3 -589
16 6 4 -2603
16 6 5 38
16 6 6 -5814
16 6 7 -2375
16 7 0 -228
16 7 1 -5909
16 7 2 -1083
16 7 3 -589
16 7 4 -2603
16 7 5 38
16 7 6 -5814
16 7 7 -2375
16 8 0 -228
16 8 1 -5909
16 8 2 -1083
16 8 3 -589
16 8 4 -2603
16 8 5 38
16 8 6 -5814
16 8 7 -2375
16 9 0 -228
16 9 1 -5909
16 9 2 -1083
16 9 3 -589
16 9 4 -2603
16 9 5 38
16 9 6 -5814
16 9 7 -2375
16 10 0 -228
16 10 1 -5909
16 10 2 -1083
16 10 3 -589
16 10 4 -2603
16 10 5 38
16 10 6 -5814
16 10 7 -2375
16 11 0 -228
16 11 1 -5909
16 11 2 -1083
16 11 3 -589
16 11 4 -2603
16 11 5 38
16 11 6 -5814
16 11 7 -2375
16 12 0 -228
16 12 1 -5909
16 12 2 -1083
16 12 3 -589
16 12 4 -2603
16 12 5 38
16 12 6 -5814
16 12 7 -2375
16 13 0 -228
16 13 1 -5909
16 13 2 -1083
16 13 3 -589
16 13 4 -2603
16 13 5 38
16 13 6 -5814
16 13 7 -2375
16 14 0 -228
16 14 1 -10290
16 14 2 2490
16 14 3 5626
16 14 4 2279
16 14 5 1473
16 14 6 273
16 14 7 1237
16 15 0 579
16 15 1 -6550
16 15 2 13459
16 15 3 15044
16 15 4 11027
16 15 5 -1401
16 15 6 9222
16 15 7 8517
16 16 0 22810
16 16 1 12642
16 16 2 9957
16 16 3 11724
16 16 4 16478
16 16 5 -894
16 16 6 17110
16 16 7 16957
16 17 0 31340
16 17 1 34832
16 17 2 -5986
16 17 3 -9896
16 17 4 7363
16 17 5 5399
16 17 6 18788
16 17 7 11359
16 18 0 -6947
16 18 1 25669
16 18 2 -7524
16 18 3 -13443
16 18 4 -4605
16 18 5 226
16 18 6 13639
16 18 7 -3661
16 19 0 -33938
16 19 1 5045
16 19 2 2184
16 19 3 -1470
16 19 4 -7904
16 19 5 -5097
16 19 6 -838
16 19 7 -9146
16 20 0 -11946
16 20 1 -5678
16 20 2 -966
16 20 3 -547
16 20 4 -2774
16 20 5 -172
16 20 6 -5748
16 20 7 -2573
16 21 0 -480
16 21 1 -5909
16 21 2 -1083
16 21 3 -589
16 21 4 -2603
16 21 5 38
16 21 6 -5814
16 21 7 -2375
16 22 0 -228
16 22 1 -5909
16 22 2 -1083
16 22 3 -589
16 22 4 -2603
16 22 5 38
16 22 6 -5814
16 22 7 -2375
16 23 0 -228
16 23 1 -5909
16 23 2 -1083
16 23 3 -589
16 23 4 -2603
16 23 5 38
16 23 6 -5814
16 23 7 -2375
16 24 0 -228
16 24 1 -5909
16 24 2 -1083
16 24 3 -589
16 24 4 -2603
16 24 5 38
16 24 6 -5814
16 24 7 -2375
16 25 0 -228
16 25 1 -5909
16 25 2 -1083
16 25 3 -589
16 25 4 -2603
16 25 5 38
16 25 6 -5814
16 25 7 -2375
16 26 0 -228
16 26 1 -5909
16 26 2 -1083
16 26 3 -589
16 26 4 -2603
16 26 5 38
16 26 6 -5814
16 26 7 -2375
16 27 0 -228
16 27 1 -5073
16 27 2 1254
16 27 3 2090
16 27 4 -570
16 27 5 -19
16 27 6 -3933
16 27 7 -988
17 0 0 2869
17 0 1 -1558
17 0 2 -3382
17 0 3 -2926
17 0 4 -1881
17 0 5 19
17 0 6 -4256
17 0 7 -2052
17 1 0 -4579
17 1 1 -5909
17 1 2 -1083
17 1 3 -589
17 1 4 -2603
17 1 5 38
17 1 6 -5814
17 1 7 -2375
17 2 0 -228
17 2 1 -5909
17 2 2 -1083
17 2 3 -589
17 2 4 -2603
17 2 5 38
17 2 6 -5814
17 2 7 -2375
17 3 0 -228
17 3 1 -5909
17 3 2 -1083
17 3 3 -589
17 3 4 -2603
17 3 5 38
17 3 6 -5814
17 3 7 -2375
17 4 0 -228
17 4 1 -5909
17 4 2 -1083
17 4 3 -589
17 4 4 -2603
17 4 5 38
17 4 6 -5814
17 4 7 -2375
17 5 0 -228
17 5 1 -5909
17 5 2 -1083
17 5 3 -589
17 5 4 -2603
17 5 5 38
17 5 6 -5814
17 5 7 -2375
17 6 0 -228
17 6 1 -5909
17 6 2 -1083
17 6 3 -589
17 6 4 -2603
17 6 5 38
17 6 6 -5814
17 6 7 -2375
17 7 0 -228
17 7 1 -5909
17 7 2 -1083
17 7 3 -589
17 7 4 -2603
17 7 5 38
17 7 6 -5814
17 7 7 -2375
17 8 0 -228
17 8 1 -5909
17 8 2 -1083
17 8 3 -589
17 8 4 -2603
17 8 5 38
17 8 6 -5814
17 8 7 -2375
17 9 0 -228
17 9 1 -5909
17 9 2 -1083
17 9 3 -589
17 9 4 -2603
17 9 5 38
17 9 6 -5814
17 9 7 -2375
17 10 0 -228
17 10 1 -5909
17 10 2 -1083
17 10 3 -589
17 10 4 -2603
17 10 5 38
17 10 6 -5814
17 10 7 -2375
17 11 0 -228
17 11 1 -5909
17 11 2 -1083
17 11 3 -589
17 11 4 -2603
17 11 5 38
17 11 6 -5814
17 11 7 -2375
17 12 0 -228
17 12 1 -5909
17 12 2 -1083
17 12 3 -589
17 12 4 -2603
17 12 5 38
17 12 6 -5814
17 12 7 -2375
17 13 0 -228
17 13 1 -8618
17 13 2 1024
17 13 3 3066
17 13 4 235
17 13 5 1113
17 13 6 -2331
17 13 7 -182
17 14 0 30
17 14 1 -13100
17 14 2 7892
17 14 3 12086
17 14 4 8590
17 14 5 -1350
17 14 6 8970
17 14 7 5608
17 15 0 10660
17 15 1 3862
17 15 2 10536
17 15 3 13782
17 15 4 18039
17 15 5 -1995
17 15 6 13935
17 15 7 15612
17 16 0 33644
17 16 1 28195
17 16 2 -3678
17 16 3 -3143
17 16 4 16324
17 16 5 4305
17 16 6 17888
17 16 7 18981
17 17 0 15476
17 17 1 31951
17 17 2 -10083
17 17 3 -13505
17 17 4 1640
17 17 5 3643
17 17 6 19582
17 17 7 3421
17 18 0 -28251
17 18 1 15670
17 18 2 -1155
17 18 3 -7975
17 18 4 -7544
17 18 5 -2452
17 18 6 5940
17 18 7 -8727
17 19 0 -23903
17 19 1 -3368
17 19 2 204
17 19 3 -127
17 19 4 -4484
17 19 5 -2272
17 19 6 -5088
17 19 7 -4553
17 20 0 -3000
17 20 1 -5909
17 20 2 -1083
17 20 3 -589
17 20 4 -2603
17 20 5 38
17 20 6 -5814
17 20 7 -2375
17 21 0 -228
17 21 1 -5909
17 21 2 -1083
17 21 3 -589
17 21 4 -2603
17 21 5 38
17 21 6 -5814
17 21 7 -2375
17 22 0 -228
17 22 1 -5909
17 22 2 -1083
17 22 3 -589
17 22 4 -2603
17 22 5 38
17 22 6 -5814
17 22 7 -2375
17 23 0 -228
17 23 1 -5909
17 23 2 -1083
17 23 3 -589
17 23 4 -2603
17 23 5 38
17 23 6 -5814
17 23 7 -2375
17 24 0 -228
17 24 1 -5909
17 24 2 -1083
17 24 3 -589
17 24 4 -2603
17 24 5 38
17 24 6 -5814
17 24 7 -2375
17 25 0 -228
17 25 1 -5909
17 25 2 -1083
17 25 3 -589
17 25 4 -2603
17 25 5 38
17 25 6 -5814
17 25 7 -2375
17 26 0 -228
17 26 1 -5909
17 26 2 -1083
17 26 3 -589
17 26 4 -2603
17 26 5 38
17 26 6 -5814
17 26 7 -2375
17 27 0 -228
17 27 1 -5073
17 27 2 1254
17 27 3 2090
17 27 4 -570
17 27 5 -19
17 27 6 -3933
17 27 7 -988
18 0 0 2869
18 0 1 -1558
18 0 2 -3382
18 0 3 -2926
18 0 4 -1881
18 0 5 19
18 0 6 -4256
18 0 7 -2052
18 1 0 -4579
18 1 1 -5909
18 1 2 -1083
18 1 3 -589
18 1 4 -2603
18 1 5 38
18 1 6 -5814
18 1 7 -2375
18 2 0 -228
18 2 1 -5909
18 2 2 -1083
18 2 3 -589
18 2 4 -2603
18 2 5 38
18 2 6 -5814
18 2 7 -2375
18 3 0 -228
18 3 1 -5909
18 3 2 -1083
18 3 3 -589
18 3 4 -2603
18 3 5 38
18 3 6 -5814
18 3 7 -2375
18 4 0 -228
18 4 1 -5909
18 4 2 -1083
18 4 3 -589
18 4 4 -2603
18 4 5 38
18 4 6 -5814
18 4 7 -2375
18 5 0 -228
18 5 1 -5909
18 5 2 -1083
18 5 3 -589
18 5 4 -2603
18 5 5 38
18 5 6 -5814
18 5 7 -2375
18 6 0 -228
18 6 1 -5909
18 6 2 -1083
18 6 3 -589
18 6 4 -2603
18 6 5 38
18 6 6 -5814
18 6 7 -2375
18 7 0 -228
18 7 1 -5909
18 7 2 -1083
18 7 3 -589
18 7 4 -2603
18 7 5 38
18 7 6 -5814
18 7 7 -2375
18 8 0 -228
18 8 1 -5909
18 8 2 -1083
18 8 3 -589
18 8 4 -2603
18 8 5 38
18 8 6 -5814
18 8 7 -2375
18 9 0 -228
18 9 1 -5909
18 9 2 -1083
18 9 3 -589
18 9 4 -2603
18 9 5 38
18 9 6 -5814
18 9 7 -2375
18 10 0 -228
18 10 1 -5909
18 10 2 -1083
18 10 3 -589
18 10 4 -2603
18 10 5 38
18 10 6 -5814
18 10 7 -2375
18 11 0 -228
18 11 1 -5909
18 11 2 -1083
18 11 3 -589
18 11 4 -2603
18 11 5 38
18 11 6 -5814
18 11 7 -2375
18 12 0 -228
18 12 1 -6602
18 12 2 -544
18 12 3 346
18 12 4 -1877
18 12 5 313
18 12 6 -4923
18 12 7 -1814
18 13 0 -162
18 13 1 -12764
18 13 2 5769
18 13 3 10737
18 13 4 6831
18 13 5 85
18 13 6 6567
18 13 7 3927
18 14 0 4837
18 14 1 -3799
18 14 2 12191
18 14 3 14377
18 14 4 14410
18 14 5 -3633
18 14 6 13708
18 14 7 11211
18 15 0 29969
18 15 1 21736
18 15 2 232
18 15 3 5313
18 15 4 22399
18 15 5 1737
18 15 6 20574
18 15 7 21464
18 16 0 25010
18 16 1 36375
18 16 2 -7286
18 16 3 -11945
18 16 4 8100
18 16 5 7467
18 16 6 20452
18 16 7 11427
18 17 0 -9977
18 17 1 24429
18 17 2 -6594
18 17 3 -12643
18 17 4 -5193
18 17 5 -258
18 17 6 13388
18 17 7 -4431
18 18 0 -33072
18 18 1 4838
18 18 2 1884
18 18 3 -1542
18 18 4 -7541
18 18 5 -4899
18 18 6 -1018
18 18 7 -8909
18 19 0 -11571
18 19 1 -5909
18 19 2 -1083
18 19 3 -589
18 19 4 -2603
18 19 5 38
18 19 6 -5814
18 19 7 -2375
18 20 0 -228
18 20 1 -5909
18 20 2 -1083
18 20 3 -589
18 20 4 -2603
18 20 5 38
18 20 6 -5814
18 20 7 -2375
18 21 0 -228
18 21 1 -5909
18 21 2 -1083
18 21 3 -589
18 21 4 -2603
18 21 5 38
18 21 6 -5814
18 21 7 -2375
18 22 0 -228
18 22 1 -5909
18 22 2 -1083
18 22 3 -589
18 22 4 -2603
18 22 5 38
18 22 6 -5814
18 22 7 -2375
18 23 0 -228
18 23 1 -5909
18 23 2 -1083
18 23 3 -589
18 23 4 -2603
18 23 5 38
18 23 6 -5814
18 23 7 -2375
18 24 0 -228
18 24 1 -5909
18 24 2 -1083
18 24 3 -589
18 24 4 -2603
18 24 5 38
18 24 6 -5814
18 24 7 -2375
18 25 0 -228
18 25 1 -5909
18 25 2 -1083
18 25 3 -589
18 25 4 -2603
18 25 5 38
18 25 6 -5814
18 25 7 -2375
18 26 0 -228
18 26 1 -5909
18 26 2 -1083
18 26 3 -589
18 26 4 -2603
18 26 5 38
18 26 6 -5814
18 26 7 -2375
18 27 0 -228
18 27 1 -5073
18 27 2 1254
18 27 3 2090
18 27 4 -570
18 27 5 -19
18 27 6 -3933
18 27 7 -988
19 0 0 2869
19 0 1 -1558
19 0 2 -3382
19 0 3 -2926
19 0 4 -1881
19 0 5 19
19 0 6 -4256
19 0 7 -2052
19 1 0 -4579
19 1 1 -5909
19 1 2 -1083
19 1 3 -589
19 1 4 -2603
19 1 5 38
19 1 6 -5814
19 1 7 -2375
19 2 0 -228
19 2 1 -5909
19 2 2 -1083
19 2 3 -589
19 2 4 -2603
19 2 5 38
19 2 6 -5814
19 2 7 -2375
19 3 0 -228
19 3 1 -5909
19 3 2 -1083
19 3 3 -589
19 3 4 -2603
19 3 5 38
19 3 6 -5814
19 3 7 -2375
19 4 0 -228
19 4 1 -5909
19 4 2 -1083
19 4 3 -589
19 4 4 -2603
19 4 5 38
19 4 6 -5814
19 4 7 -2375
19 5 0 -228
19 5 1 -5909
19 5 2 -1083
19 5 3 -589
19 5 4 -2603
19 5 5 38
19 5 6 -5814
19 5 7 -2375
19 6 0 -228
19 6 1 -5909
19 6 2 -1083
19 6 3 -589
19 6 4 -2603
19 6 5 38
19 6 6 -5814
19 6 7 -2375
19 7 0 -228
19 7 1 -5909
19 7 2 -1083
19 7 3 -589
19 7 4 -2603
19 7 5 38
19 7 6 -5814
19 7 7 -2375
19 8 0 -228
19 8 1 -5909
19 8 2 -1083
19 8 3 -589
19 8 4 -2603
19 8 5 38
19 8 6 -5814
19 8 7 -2375
19 9 0 -228
19 9 1 -5909
19 9 2 -1083
19 9 3 -589
19 9 4 -2603
19 9 5 38
19 9 6 -5814
19 9 7 -2375
19 10 0 -228
19 10 1 -5909
19 10 2 -1083
19 10 3 -589
19 10 4 -2603
19 10 5 38
19 10 6 -5814
19 10 7 -2375
19 11 0 -228
19 11 1 -6035
19 11 2 -985
19 11 3 -419
19 11 4 -2471
19 11 5 88
19 11 6 -5652
19 11 7 -2273
19 12 0 -216
19 12 1 -12910
19 12 2 4744
19 12 3 9428
19 12 4 5327
19 12 5 2137
19 12 6 4125
19 12 7 3471
19 13 0 1489
19 13 1 -8980
19 13 2 11950
19 13 3 12915
19 13 4 11030
19 13 5 -3594
19 13 6 10969
19 13 7 8887
19 14 0 25160
19 14 1 15764
19 14 2 2869
19 14 3 10235
19 14 4 23699
19 14 5 -457
19 14 6 18455
19 14 7 21829
19 15 0 29794
19 15 1 35903
19 15 2 -3798
19 15 3 -7569
19 15 4 13050
19 15 5 5751
19 15 6 22675
19 15 7 15648
19 16 0 4427
19 16 1 32896
19 16 2 -7845
19 16 3 -12332
19 16 4 -839
19 16 5 1771
19 16 6 19431
19 16 7 272
19 17 0 -30985
19 17 1 13641
19 17 2 598
19 17 3 -6556
19 17 4 -8374
19 17 5 -2715
19 17 6 5354
19 17 7 -9436
19 18 0 -21914
19 18 1 -3368
19 18 2 204
19 18 3 -127
19 18 4 -4484
19 18 5 -2272
19 18 6 -5088
19 18 7 -4553
19 19 0 -3000
19 19 1 -5909
19 19 2 -1083
19 19 3 -589
19 19 4 -2603
19 19 5 38
19 19 6 -5814
19 19 7 -2375
19 20 0 -228
19 20 1 -5909
19 20 2 -1083
19 20 3 -589
19 20 4 -2603
19 20 5 38
19 20 6 -5814
19 20 7 -2375
19 21 0 -228
19 21 1 -5909
19 21 2 -1083
19 21 3 -589
19 21 4 -2603
19 21 5 38
19 21 6 -5814
19 21 7 -2375
19 22 0 -228
19 22 1 -5909
19 22 2 -1083
19 22 3 -589
19 22 4 -2603
19 22 5 38
19 22 6 -5814
19 22 7 -2375
19 23 0 -228
19 23 1 -5909
19 23 2 -1083
19 23 3 -589
19 23 4 -2603
19 23 5 38
19 23 6 -5814
19 23 7 -2375
19 24 0 -228
19 24 1 -5909
19 24 2 -1083
19 24 3 -589
19 24 4 -2603
19 24 5 38
19 24 6 -5814
19 24 7 -2375
19 25 0 -228
19 25 1 -5909
19 25 2 -1083
19 25 3 -589
19 25 4 -2603
19 25 5 38
19 25 6 -5814
19 25 7 -2375
19 26 0 -228
19 26 1 -5909
19 26 2 -1083
19 26 3 -589
19 26 4 -2603
19 26 5 38
19 26 6 -5814
19 26 7 -2375
19 27 0 -228
19 27 1 -5073
19 27 2 1254
19 27 3 2090
19 27 4 -570
19 27 5 -19
19 27 6 -3933
19 27 7 -988
20 0 0 2869
20 0 1 -1558
20 0 2 -3382
20 0 3 -2926
20 0 4 -1881
20 0 5 19
20 0 6 -4256
20 0 7 -2052
20 1 0 -4579
20 1 1 -5909
20 1 2 -1083
20 1 3 -589
20 1 4 -2603
20 1 5 38
20 1 6 -5814
20 1 7 -2375
20 2 0 -228
20 2 1 -5909
20 2 2 -1083
20 2 3 -589
20 2 4 -2603
20 2 5 38
20 2 6 -5814
20 2 7 -2375
20 3 0 -228
20 3 1 -5909
20 3 2 -1083
20 3 3 -589
20 3 4 -2603
20 3 5 38
20 3 6 -5814
20 3 7 -2375
20 4 0 -228
20 4 1 -5909
20 4 2 -1083
20 4 3 -589
20 4 4 -2603
20 4 5 38
20 4 6 -5814
20 4 7 -2375
20 5 0 -228
20 5 1 -5909
20 5 2 -1083
20 5 3 -589
20 5 4 -2603
20 5 5 38
20 5 6 -5814
20 5 7 -2375
20 6 0 -228
20 6 1 -5909
20 6 2 -1083
20 6 3 -589
20 6 4 -2603
20 6 5 38
20 6 6 -5814
20 6 7 -2375
20 7 0 -228
20 7 1 -5909
20 7 2 -1083
20 7 3 -589
20 7 4 -2603
20 7 5 38
20 7 6 -5814
20 7 7 -2375
20 8 0 -228
20 8 1 -5909
20 8 2 -1083
20 8 3 -589
20 8 4 -2603
20 8 5 38
20 8 6 -5814
20 8 7 -2375
20 9 0 -228
20 9 1 -5909
20 9 2 -1083
20 9 3 -589
20 9 4 -2603
20 9 5 38
20 9 6 -5814
20 9 7 -2375
20 10 0 -228
20 10 1 -5909
20 10 2 -1083
20 10 3 -589
20 10 4 -2603
20 10 5 38
20 10 6 -5814
20 10 7 -2375
20 11 0 -228
20 11 1 -7233
20 11 2 13
20 11 3 1319
20 11 4 -1099
20 11 5 442
20 11 6 -3930
20 11 7 -1277
20 12 0 54
20 12 1 -10860
20 12 2 8209
20 12 3 13833
20 12 4 10140
20 12 5 -4294
20 12 6 11478
20 12 7 4718
20 13 0 12442
20 13 1 5542
20 13 2 13335
20 13 3 17340
20 13 4 19750
20 13 5 -1268
20 13 6 19184
20 13 7 15548
20 14 0 36516
20 14 1 32348
20 14 2 -3314
20 14 3 -4998
20 14 4 17996
20 14 5 5932
20 14 6 23519
20 14 7 19627
20 15 0 13691
20 15 1 39717
20 15 2 -6662
20 15 3 -10850
20 15 4 4084
20 15 5 4217
20 15 6 20679
20 15 7 5872
20 16 0 -21639
20 16 1 19167
20 16 2 94
20 16 3 -8970
20 16 4 -9098
20 16 5 -1005
20 16 6 11702
20 16 7 -8378
20 17 0 -28662
20 17 1 3066
20 17 2 1962
20 17 3 -719
20 17 4 -7418
20 17 5 -5192
20 17 6 -2204
20 17 7 -8445
20 18 0 -9788
20 18 1 -5909
20 18 2 -1083
20 18 3 -589
20 18 4 -2603
20 18 5 38
20 18 6 -5814
20 18 7 -2375
20 19 0 -228
20 19 1 -5909
20 19 2 -1083
20 19 3 -589
20 19 4 -2603
20 19 5 38
20 19 6 -5814
20 19 7 -2375
20 20 0 -228
20 20 1 -5909
20 20 2 -1083
20 20 3 -589
20 20 4 -2603
20 20 5 38
20 20 6 -5814
20 20 7 -2375
20 21 0 -228
20 21 1 -5909
20 21 2 -1083
20 21 3 -589
20 21 4 -2603
20 21 5 38
20 21 6 -5814
20 21 7 -2375
20 22 0 -228
20 22 1 -5909
20 22 2 -1083
20 22 3 -589
20 22 4 -2603
20 22 5 38
20 22 6 -5814
20 22 7 -2375
20 23 0 -228
20 23 1 -5909
20 23 2 -1083
20 23 3 -589
20 23 4 -2603
20 23 5 38
20 23 6 -5814
20 23 7 -2375
20 24 0 -228
20 24 1 -5909
20 24 2 -1083
20 24 3 -589
20 24 4 -2603
20 24 5 38
20 24 6 -5814
20 24 7 -2375
20 25 0 -228
20 25 1 -5909
20 25 2 -1083
20 25 3 -589
20 25 4 -2603
20 25 5 38
20 25 6 -5814
20 25 7 -2375
20 26 0 -228
20 26 1 -5909
20 26 2 -1083
20 26 3 -589
20 26 4 -2603
20 26 5 38
20 26 6 -5814
20 26 7 -2375
20 27 0 -228
20 27 1 -5073
20 27 2 1254
20 27 3 2090
20 27 4 -570
20 27 5 -19
20 27 6 -3933
20 27 7 -988
21 0 0 2869
21 0 1 -1558
21 0 2 -3382
21 0 3 -2926
21 0 4 -1881
21 0 5 19
21 0 6 -4256
21 0 7 -2052
21 1 0 -4579
21 1 1 -5909
21 1 2 -1083
21 1 3 -589
21 1 4 -2603
21 1 5 38
21 1 6 -5814
21 1 7 -2375
21 2 0 -228
21 2 1 -5909
21 2 2 -1083
21 2 3 -589
21 2 4 -2603
21 2 5 38
21 2 6 -5814
21 2 7 -2375
21 3 0 -228
21 3 1 -5909
21 3 2 -1083
21 3 3 -589
21 3 4 -2603
21 3 5 38
21 3 6 -5814
21 3 7 -2375
21 4 0 -228
21 4 1 -5909
21 4 2 -1083
21 4 3 -589
21 4 4 -2603
21 4 5 38
21 4 6 -5814
21 4 7 -2375
21 5 0 -228
21 5 1 -5909
21 5 2 -1083
21 5 3 -589
21 5 4 -2603
21 5 5 38
21 5 6 -5814
21 5 7 -2375
21 6 0 -228
21 6 1 -5909
21 6 2 -1083
21 6 3 -589
21 6 4 -2603
21 6 5 38
21 6 6 -5814
21 6 7 -2375
21 7 0 -228
21 7 1 -5909
21 7 2 -1083
21 7 3 -589
21 7 4 -2603
21 7 5 38
21 7 6 -5814
21 7 7 -2375
21 8 0 -228
21 8 1 -5909
21 8 2 -1083
21 8 3 -589
21 8 4 -2603
21 8 5 38
21 8 6 -5814
21 8 7 -2375
21 9 0 -228
21 9 1 -5909
21 9 2 -1083
21 9 3 -589
21 9 4 -2603
21 9 5 38
21 9 6 -5814
21 9 7 -2375
21 10 0 -228
21 10 1 -7043
21 10 2 -201
21 10 3 941
21 10 4 -1415
21 10 5 488
21 10 6 -4356
21 10 7 -1457
21 11 0 -120
21 11 1 -13445
21 11 2 5913
21 11 3 10315
21 11 4 6339
21 11 5 1740
21 11 6 5448
21 11 7 4515
21 12 0 4118
21 12 1 -1297
21 12 2 14903
21 12 3 14961
21 12 4 14115
21 12 5 -1668
21 12 6 10246
21 12 7 12854
21 13 0 32765
21 13 1 22002
21 13 2 2183
21 13 3 4966
21 13 4 17260
21 13 5 -1032
21 13 6 18833
21 13 7 19065
21 14 0 25078
21 14 1 42780
21 14 2 -5001
21 14 3 -9430
21 14 4 6893
21 14 5 4547
21 14 6 22393
21 14 7 8352
21 15 0 -13879
21 15 1 25137
21 15 2 -902
21 15 3 -10102
21 15 4 -7200
21 15 5 1319
21 15 6 15654
21 15 7 -5874
21 16 0 -30780
21 16 1 7208
21 16 2 3560
21 16 3 -1851
21 16 4 -9688
21 16 5 -5508
21 16 6 1040
21 16 7 -10445
21 17 0 -15024
21 17 1 -4369
21 17 2 -303
21 17 3 -309
21 17 4 -3743
21 17 5 -1362
21 17 6 -5374
21 17 7 -3695
21 18 0 -1908
21 18 1 -5909
21 18 2 -1083
21 18 3 -589
21 18 4 -2603
21 18 5 38
21 18 6 -5814
21 18 7 -2375
21 19 0 -228
21 19 1 -5909
21 19 2 -1083
21 19 3 -589
21 19 4 -2603
21 19 5 38
21 19 6 -5814
21 19 7 -2375
21 20 0 -228
21 20 1 -5909
21 20 2 -1083
21 20 3 -589
21 20 4 -2603
21 20 5 38
21 20 6 -5814
21 20 7 -2375
21 21 0 -228
21 21 1 -5909
21 21 2 -1083
21 21 3 -589
21 21 4 -2603
21 21 5 38
21 21 6 -5814
21 21 7 -2375
21 22 0 -228
21 22 1 -5909
21 22 2 -1083
21 22 3 -589
21 22 4 -2603
21 22 5 38
21 22 6 -5814
21 22 7 -2375
21 23 0 -228
21 23 1 -5909
21 23 2 -1083
21 23 3 -589
21 23 4 -2603
21 23 5 38
21 23 6 -5814
21 23 7 -2375
21 24 0 -228
21 24 1 -5909
21 24 2 -1083
21 24 3 -589
21 24 4 -2603
21 24 5 38
21 24 6 -5814
21 24 7 -2375
21 25 0 -228
21 25 1 -5909
21 25 2 -1083
21 25 3 -589
21 25 4 -2603
21 25 5 38
21 25 6 -5814
21 25 7 -2375
21 26 0 -228
21 26 1 -5909
21 26 2 -1083
21 26 3 -589
21 26 4 -2603
21 26 5 38
21 26 6 -5814
21 26 7 -2375
21 27 0 -228
21 27 1 -5073
21 27 2 1254
21 27 3 2090
21 27 4 -570
21 27 5 -19
21 27 6 -3933
21 27 7 -988
22 0 0 2869
22 0 1 -1558
22 0 2 -3382
22 0 3 -2926
22 0 4 -1881
22 0 5 19
22 0 6 -4256
22 0 7 -2052
22 1 0 -4579
22 1 1 -5909
22 1 2 -1083
22 1 3 -589
22 1 4 -2603
22 1 5 38
22 1 6 -5814
22 1 7 -2375
22 2 0 -228
22 2 1 -5909
22 2 2 -1083
22 2 3 -589
22 2 4 -2603
22 2 5 38
22 2 6 -5814
22 2 7 -2375
22 3 0 -228
22 3 1 -5909
22 3 2 -1083
22 3 3 -589
22 3 4 -2603
22 3 5 38
22 3 6 -5814
22 3 7 -2375
22 4 0 -228
22 4 1 -5909
22 4 2 -1083
22 4 3 -589
22 4 4 -2603
22 4 5 38
22 4 6 -5814
22 4 7 -2375
22 5 0 -228
22 5 1 -5909
22 5 2 -1083
22 5 3 -589
22 5 4 -2603
22 5 5 38
22 5 6 -5814
22 5 7 -2375
22 6 0 -228
22 6 1 -5909
22 6 2 -1083
22 6 3 -589
22 6 4 -2603
22 6 5 38
22 6 6 -5814
22 6 7 -2375
22 7 0 -228
22 7 1 -5909
22 7 2 -1083
22 7 3 -589
22 7 4 -2603
22 7 5 38
22 7 6 -5814
22 7 7 -2375
22 8 0 -228
22 8 1 -5909
22 8 2 -1083
22 8 3 -589
22 8 4 -2603
22 8 5 38
22 8 6 -5814
22 8 7 -2375
22 9 0 -228
22 9 1 -5909
22 9 2 -1083
22 9 3 -589
22 9 4 -2603
22 9 5 38
22 9 6 -5814
22 9 7 -2375
22 10 0 -228
22 10 1 -10139
22 10 2 2803
22 10 3 6213
22 10 4 2881
22 10 5 624
22 10 6 1260
22 10 7 1285
22 11 0 1578
22 11 1 -9562
22 11 2 9772
22 11 3 13528
22 11 4 11285
22 11 5 -4669
22 11 6 12777
22 11 7 6894
22 12 0 19872
22 12 1 12632
22 12 2 7454
22 12 3 13840
22 12 4 24050
22 12 5 578
22 12 6 20512
22 12 7 20323
22 13 0 32965
22 13 1 33100
22 13 2 -3400
22 13 3 -7851
22 13 4 14119
22 13 5 10043
22 13 6 21214
22 13 7 18781
22 14 0 6572
22 14 1 33128
22 14 2 -8111
22 14 3 -14212
22 14 4 -1801
22 14 5 2285
22 14 6 16200
22 14 7 1753
22 15 0 -31444
22 15 1 12452
22 15 2 1268
22 15 3 -4857
22 15 4 -9754
22 15 5 -5310
22 15 6 3584
22 15 7 -9667
22 16 0 -21406
22 16 1 -2521
22 16 2 633
22 16 3 27
22 16 4 -5111
22 16 5 -3042
22 16 6 -4846
22 16 7 -5279
22 17 0 -3924
22 17 1 -5909
22 17 2 -1083
22 17 3 -589
22 17 4 -2603
22 17 5 38
22 17 6 -5814
22 17 7 -2375
22 18 0 -228
22 18 1 -5909
22 18 2 -1083
22 18 3 -589
22 18 4 -2603
22 18 5 38
22 18 6 -5814
22 18 7 -2375
22 19 0 -228
22 19 1 -5909
22 19 2 -1083
22 19 3 -589
22 19 4 -2603
22 19 5 38
22 19 6 -5814
22 19 7 -2375
22 20 0 -228
22 20 1 -5909
22 20 2 -1083
22 20 3 -589
22 20 4 -2603
22 20 5 38
22 20 6 -5814
22 20 7 -2375
22 21 0 -228
22 21 1 -5909
22 21 2 -1083
22 21 3 -589
22 21 4 -2603
22 21 5 38
22 21 6 -5814
22 21 7 -2375
22 22 0 -228
22 22 1 -5909
22 22 2 -1083
22 22 3 -589
22 22 4 -2603
22 22 5 38
22 22 6 -5814
22 22 7 -2375
22 23 0 -228
22 23 1 -5909
22 23 2 -1083
22 23 3 -589
22 23 4 -2603
22 23 5 38
22 23 6 -5814
22 23 7 -2375
22 24 0 -228
22 24 1 -5909
22 24 2 -1083
22 24 3 -589
22 24 4 -2603
22 24 5 38
22 24 6 -5814
22 24 7 -2375
22 25 0 -228
22 25 1 -5909
22 25 2 -1083
22 25 3 -589
22 25 4 -2603
22 25 5 38
22 25 6 -5814
22 25 7 -2375
22 26 0 -228
22 26 1 -5909
22 26 2 -1083
22 26 3 -589
22 26 4 -2603
22 26 5 38
22 26 6 -5814
22 26 7 -2375
22 27 0 -228
22 27 1 -5073
22 27 2 1254
22 27 3 2090
22 27 4 -570
22 27 5 -19
22 27 6 -3933
22 27 7 -988
23 0 0 2869
23 0 1 -1558
23 0 2 -3382
23 0 3 -2926
23 0 4 -1881
23 0 5 19
23 0 6 -4256
23 0 7 -2052
23 1 0 -4579
23 1 1 -5909
23 1 2 -1083
23 1 3 -589
23 1 4 -2603
23 1 5 38
23 1 6 -5814
23 1 7 -2375
23 2 0 -228
23 2 1 -5909
23 2 2 -1083
23 2 3 -589
23 2 4 -2603
23 2 5 38
23 2 6 -5814
23 2 7 -2375
23 3 0 -228
23 3 1 -5909
23 3 2 -1083
23 3 3 -589
23 3 4 -2603
23 3 5 38
23 3 6 -5814
23 3 7 -2375
23 4 0 -228
23 4 1 -5909
23 4 2 -1083
23 4 3 -589
23 4 4 -2603
23 4 5 38
23 4 6 -5814
23 4 7 -2375
23 5 0 -228
23 5 1 -5909
23 5 2 -1083
23 5 3 -589
23 5 4 -2603
23 5 5 38
23 5 6 -5814
23 5 7 -2375
23 6 0 -228
23 6 1 -5909
23 6 2 -1083
23 6 3 -589
23 6 4 -2603
23 6 5 38
23 6 6 -5814
23 6 7 -2375
23 7 0 -228
23 7 1 -5909
23 7 2 -1083
23 7 3 -589
23 7 4 -2603
23 7 5 38
23 7 6 -5814
23 7 7 -2375
23 8 0 -228
23 8 1 -5909
23 8 2 -1083
23 8 3 -589
23 8 4 -2603
23 8 5 38
23 8 6 -5814
23 8 7 -2375
23 9 0 -228
23 9 1 -8114
23 9 2 632
23 9 3 2386
23 9 4 -293
23 9 5 913
23 9 6 -2979
23 9 7 -590
23 10 0 -18
23 10 1 -11537
23 10 2 8352
23 10 3 12426
23 10 4 8607
23 10 5 -1190
23 10 6 8412
23 10 7 5499
23 11 0 11212
23 11 1 3875
23 11 2 13230
23 11 3 15757
23 11 4 17658
23 11 5 -1249
23 11 6 15271
23 11 7 15554
23 12 0 34183
23 12 1 23402
23 12 2 4231
23 12 3 7379
23 12 4 23129
23 12 5 3683
23 12 6 29968
23 12 7 23225
23 13 0 18724
23 13 1 35553
23 13 2 -5286
23 13 3 -11215
23 13 4 6466
23 13 5 2903
23 13 6 25609
23 13 7 9701
23 14 0 -12853
23 14 1 28148
23 14 2 -14782
23 14 3 -17674
23 14 4 363
23 14 5 97
23 14 6 11194
23 14 7 672
23 15 0 -32569
23 15 1 3733
23 15 2 -3309
23 15 3 -3775
23 15 4 -3515
23 15 5 -2512
23 15 6 -2562
23 15 7 -4241
23 16 0 -10122
23 16 1 -5909
23 16 2 -1083
23 16 3 -589
23 16 4 -2603
23 16 5 38
23 16 6 -5814
23 16 7 -2375
23 17 0 -228
23 17 1 -5909
23 17 2 -1083
23 17 3 -589
23 17 4 -2603
23 17 5 38
23 17 6 -5814
23 17 7 -2375
23 18 0 -228
23 18 1 -5909
23 18 2 -1083
23 18 3 -589
23 18 4 -2603
23 18 5 38
23 18 6 -5814
23 18 7 -2375
23 19 0 -228
23 19 1 -5909
23 19 2 -1083
23 19 3 -589
23 19 4 -2603
23 19 5 38
23 19 6 -5814
23 19 7 -2375
23 20 0 -228
23 20 1 -5909
23 20 2 -1083
23 20 3 -589
23 20 4 -2603
23 20 5 38
23 20 6 -5814
23 20 7 -2375
23 21 0 -228
23 21 1 -5909
23 21 2 -1083
23 21 3 -589
23 21 4 -2603
23 21 5 38
23 21 6 -5814
23 21 7 -2375
23 22 0 -228
23 22 1 -5909
23 22 2 -1083
23 22 3 -589
23 22 4 -2603
23 22 5 38
23 22 6 -5814
23 22 7 -2375
23 23 0 -228
23 23 1 -5909
23 23 2 -1083
23 23 3 -589
23 23 4 -2603
23 23 5 38
23 23 6 -5814
23 23 7 -2375
23 24 0 -228
23 24 1 -5909
23 24 2 -1083
23 24 3 -589
23 24 4 -2603
23 24 5 38
23 24 6 -5814
23 24 7 -2375
23 25 0 -228
23 25 1 -5909
23 25 2 -1083
23 25 3 -589
23 25 4 -2603
23 25 5 38
23 25 6 -5814
23 25 7 -2375
23 26 0 -228
23 26 1 -5909
23 26 2 -1083
23 26 3 -589
23 26 4 -2603
23 26 5 38
23 26 6 -5814
23 26 7 -2375
23 27 0 -228
23 27 1 -5073
23 27 2 1254
23 27 3 2090
23 27 4 -570
23 27 5 -19
23 27 6 -3933
23 27 7 -988
24 0 0 2869
24 0 1 -1558
24 0 2 -3382
24 0 3 -2926
24 0 4 -1881
24 0 5 19
24 0 6 -4256
24 0 7 -2052
24 1 0 -4579
24 1 1 -5909
24 1 2 -1083
24 1 3 -589
24 1 4 -2603
24 1 5 38
24 1 6 -5814
24 1 7 -2375
24 2 0 -228
24 2 1 -5909
24 2 2 -1083
24 2 3 -589
24 2 4 -2603
24 2 5 38
24 2 6 -5814
24 2 7 -2375
24 3 0 -228
24 3 1 -5909
24 3 2 -1083
24 3 3 -589
24 3 4 -2603
24 3 5 38
24 3 6 -5814
24 3 7 -2375
24 4 0 -228
24 4 1 -5909
24 4 2 -1083
24 4 3 -589
24 4 4 -2603
24 4 5 38
24 4 6 -5814
24 4 7 -2375
24 5 0 -228
24 5 1 -5909
24 5 2 -1083
24 5 3 -589
24 5 4 -2603
24 5 5 38
24 5 6 -5814
24 5 7 -2375
24 6 0 -228
24 6 1 -5909
24 6 2 -1083
24 6 3 -589
24 6 4 -2603
24 6 5 38
24 6 6 -5814
24 6 7 -2375
24 7 0 -228
24 7 1 -5909
24 7 2 -1083
24 7 3 -589
24 7 4 -2603
24 7 5 38
24 7 6 -5814
24 7 7 -2375
24 8 0 -228
24 8 1 -5909
24 8 2 -1083
24 8 3 -589
24 8 4 -2603
24 8 5 38
24 8 6 -5814
24 8 7 -2375
24 9 0 -228
24 9 1 -9171
24 9 2 2613
24 9 3 5941
24 9 4 2861
24 9 5 -792
24 9 6 1560
24 9 7 724
24 10 0 2811
24 10 1 -3927
24 10 2 12751
24 10 3 16410
24 10 4 13477
24 10 5 -3100
24 10 6 13251
24 10 7 8670
24 11 0 24796
24 11 1 13821
24 11 2 10768
24 11 3 13906
24 11 4 21331
24 11 5 1982
24 11 6 25024
24 11 7 19467
24 12 0 30101
24 12 1 34635
24 12 2 3709
24 12 3 1678
24 12 4 19695
24 12 5 3652
24 12 6 34962
24 12 7 19224
24 13 0 7662
24 13 1 34907
24 13 2 -7746
24 13 3 -12384
24 13 4 4615
24 13 5 -102
24 13 6 26784
24 13 7 6378
24 14 0 -19235
24 14 1 27175
24 14 2 -14592
24 14 3 -16572
24 14 4 1409
24 14 5 -14
24 14 6 10209
24 14 7 -537
24 15 0 -30459
24 15 1 478
24 15 2 -3824
24 15 3 -3831
24 15 4 -1918
24 15 5 22
24 15 6 -3242
24 15 7 -2376
24 16 0 -6636
24 16 1 -5909
24 16 2 -1083
24 16 3 -589
24 16 4 -2603
24 16 5 38
24 16 6 -5814
24 16 7 -2375
24 17 0 -228
24 17 1 -5909
24 17 2 -1083
24 17 3 -589
24 17 4 -2603
24 17 5 38
24 17 6 -5814
24 17 7 -2375
24 18 0 -228
24 18 1 -5909
24 18 2 -1083
24 18 3 -589
24 18 4 -2603
24 18 5 38
24 18 6 -5814
24 18 7 -2375
24 19 0 -228
24 19 1 -5909
24 19 2 -1083
24 19 3 -589
24 19 4 -2603
24 19 5 38
24 19 6 -5814
24 19 7 -2375
24 20 0 -228
24 20 1 -5909
24 20 2 -1083
24 20 3 -589
24 20 4 -2603
24 20 5 38
24 20 6 -5814
24 20 7 -2375
24 21 0 -228
24 21 1 -5909
24 21 2 -1083
24 21 3 -589
24 21 4 -2603
24 21 5 38
24 21 6 -5814
24 21 7 -2375
24 22 0 -228
24 22 1 -5909
24 22 2 -1083
24 22 3 -589
24 22 4 -2603
24 22 5 38
24 22 6 -5814
24 22 7 -2375
24 23 0 -228
24 23 1 -5909
24 23 2 -1083
24 23 3 -589
24 23 4 -2603
24 23 5 38
24 23 6 -5814
24 23 7 -2375
24 24 0 -228
24 24 1 -5909
24 24 2 -1083
24 24 3 -589
24 24 4 -2603
24 24 5 38
24 24 6 -5814
24 24 7 -2375
24 25 0 -228
24 25 1 -5909
24 25 2 -1083
24 25 3 -589
24 25 4 -2603
24 25 5 38
24 25 6 -5814
24 25 7 -2375
24 26 0 -228
24 26 1 -5909
24 26 2 -1083
24 26 3 -589
24 26 4 -2603
24 26 5 38
24 26 6 -5814
24 26 7 -2375
24 27 0 -228
24 27 1 -5073
24 27 2 1254
24 27 3 2090
24 27 4 -570
24 27 5 -19
24 27 6 -3933
24 27 7 -988
25 0 0 2869
25 0 1 -1558
25 0 2 -3382
25 0 3 -2926
25 0 4 -1881
25 0 5 19
25 0 6 -4256
25 0 7 -2052
25 1 0 -4579
25 1 1 -5909
25 1 2 -1083
25 1 3 -589
25 1 4 -2603
25 1 5 38
25 1 6 -5814
25 1 7 -2375
25 2 0 -228
25 2 1 -5909
25 2 2 -1083
25 2 3 -589
25 2 4 -2603
25 2 5 38
25 2 6 -5814
25 2 7 -2375
25 3 0 -228
25 3 1 -5909
25 3 2 -1083
25 3 3 -589
25 3 4 -2603
25 3 5 38
25 3 6 -5814
25 3 7 -2375
25 4 0 -228
25 4 1 -5909
25 4 2 -1083
25 4 3 -589
25 4 4 -2603
25 4 5 38
25 4 6 -5814
25 4 7 -2375
25 5 0 -228
25 5 1 -5909
25 5 2 -1083
25 5 3 -589
25 5 4 -2603
25 5 5 38
25 5 6 -5814
25 5 7 -2375
25 6 0 -228
25 6 1 -5909
25 6 2 -1083
25 6 3 -589
25 6 4 -2603
25 6 5 38
25 6 6 -5814
25 6 7 -2375
25 7 0 -228
25 7 1 -5909
25 7 2 -1083
25 7 3 -589
25 7 4 -2603
25 7 5 38
25 7 6 -5814
25 7 7 -2375
25 8 0 -228
25 8 1 -5909
25 8 2 -1083
25 8 3 -589
25 8 4 -2603
25 8 5 38
25 8 6 -5814
25 8 7 -2375
25 9 0 -228
25 9 1 -5457
25 9 2 5194
25 9 3 7882
25 9 4 4270
25 9 5 -1699
25 9 6 2139
25 9 7 1506
25 10 0 8231
25 10 1 2909
25 10 2 18083
25 10 3 20191
25 10 4 14446
25 10 5 -665
25 10 6 16072
25 10 7 10863
25 11 0 29691
25 11 1 20913
25 11 2 13363
25 11 3 10423
25 11 4 14914
25 11 5 1505
25 11 6 29161
25 11 7 15403
25 12 0 21856
25 12 1 47068
25 12 2 -441
25 12 3 -7331
25 12 4 8336
25 12 5 -1774
25 12 6 26712
25 12 7 8664
25 13 0 -2940
25 13 1 34971
25 13 2 -7477
25 13 3 -10334
25 13 4 610
25 13 5 -167
25 13 6 24111
25 13 7 -587
25 14 0 -29806
25 14 1 17530
25 14 2 363
25 14 3 -7357
25 14 4 -6962
25 14 5 -1206
25 14 6 10064
25 14 7 -9964
25 15 0 -23690
25 15 1 -1690
25 15 2 -672
25 15 3 -1848
25 15 4 -3623
25 15 5 -429
25 15 6 -3406
25 15 7 -4125
25 16 0 -4565
25 16 1 -5909
25 16 2 -1083
25 16 3 -589
25 16 4 -2603
25 16 5 38
25 16 6 -5814
25 16 7 -2375
25 17 0 -228
25 17 1 -5909
25 17 2 -1083
25 17 3 -589
25 17 4 -2603
25 17 5 38
25 17 6 -5814
25 17 7 -2375
25 18 0 -228
25 18 1 -5909
25 18 2 -1083
25 18 3 -589
25 18 4 -2603
25 18 5 38
25 18 6 -5814
25 18 7 -2375
25 19 0 -228
25 19 1 -5909
25 19 2 -1083
25 19 3 -589
25 19 4 -2603
25 19 5 38
25 19 6 -5814
25 19 7 -2375
25 20 0 -228
25 20 1 -5909
25 20 2 -1083
25 20 3 -589
25 20 4 -2603
25 20 5 38
25 20 6 -5814
25 20 7 -2375
25 21 0 -228
25 21 1 -5909
25 21 2 -1083
25 21 3 -589
25 21 4 -2603
25 21 5 38
25 21 6 -5814
25 21 7 -2375
25 22 0 -228
25 22 1 -5909
25 22 2 -1083
25 22 3 -589
25 22 4 -2603
25 22 5 38
25 22 6 -5814
25 22 7 -2375
25 23 0 -228
25 23 1 -5909
25 23 2 -1083
25 23 3 -589
25 23 4 -2603
25 23 5 38
25 23 6 -5814
25 23 7 -2375
25 24 0 -228
25 24 1 -5909
25 24 2 -1083
25 24 3 -589
25 24 4 -2603
25 24 5 38
25 24 6 -5814
25 24 7 -2375
25 25 0 -228
25 25 1 -5909
25 25 2 -1083
25 25 3 -589
25 25 4 -2603
25 25 5 38
25 25 6 -5814
25 25 7 -2375
25 26 0 -228
25 26 1 -5909
25 26 2 -1083
25 26 3 -589
25 26 4 -2603
25 26 5 38
25 26 6 -5814
25 26 7 -2375
25 27 0 -228
25 27 1 -5073
25 27 2 1254
25 27 3 2090
25 27 4 -570
25 27 5 -19
25 27 6 -3933
25 27 7 -988
26 0 0 2869
26 0 1 -1558
26 0 2 -3382
26 0 3 -2926
26 0 4 -1881
26 0 5 19
26 0 6 -4256
26 0 7 -2052
26 1 0 -4579
26 1 1 -5909
26 1 2 -1083
26 1 3 -589
26 1 4 -2603
26 1 5 38
26 1 6 -5814
26 1 7 -2375
26 2 0 -228
26 2 1 -5909
26 2 2 -1083
26 2 3 -589
26 2 4 -2603
26 2 5 38
26 2 6 -5814
26 2 7 -2375
26 3 0 -228
26 3 1 -5909
26 3 2 -1083
26 3 3 -589
26 3 4 -2603
26 3 5 38
26 3 6 -5814
26 3 7 -2375
26 4 0 -228
26 4 1 -5909
26 4 2 -1083
26 4 3 -589
26 4 4 -2603
26 4 5 38
26 4 6 -5814
26 4 7 -2375
26 5 0 -228
26 5 1 -5909
26 5 2 -1083
26 5 3 -589
26 5 4 -2603
26 5 5 38
26 5 6 -5814
26 5 7 -2375
26 6 0 -228
26 6 1 -5909
26 6 2 -1083
26 6 3 -589
26 6 4 -2603
26 6 5 38
26 6 6 -5814
26 6 7 -2375
26 7 0 -228
26 7 1 -5909
26 7 2 -1083
26 7 3 -589
26 7 4 -2603
26 7 5 38
26 7 6 -5814
26 7 7 -2375
26 8 0 -228
26 8 1 -5909
26 8 2 -1083
26 8 3 -589
26 8 4 -2603
26 8 5 38
26 8 6 -5814
26 8 7 -2375
26 9 0 -228
26 9 1 1474
26 9 2 4023
26 9 3 3275
26 9 4 226
26 9 5 -1894
26 9 6 -4572
26 9 7 -857
26 10 0 10605
26 10 1 13401
26 10 2 11924
26 10 3 10222
26 10 4 3204
26 10 5 -3953
26 10 6 6042
26 10 7 1091
26 11 0 21157
26 11 1 27784
26 11 2 14603
26 11 3 8602
26 11 4 487
26 11 5 -1837
26 11 6 21611
26 11 7 -2145
26 12 0 6365
26 12 1 33375
26 12 2 13543
26 12 3 543
26 12 4 -6347
26 12 5 5304
26 12 6 21619
26 12 7 -6244
26 13 0 -16330
26 13 1 16428
26 13 2 9518
26 13 3 -4782
26 13 4 -14363
26 13 5 -229
26 13 6 11295
26 13 7 -11438
26 14 0 -24759
26 14 1 4362
26 14 2 4865
26 14 3 661
26 14 4 -10900
26 14 5 -7910
26 14 6 -1430
26 14 7 -10824
26 15 0 -12461
26 15 1 -4138
26 15 2 -186
26 15 3 -267
26 15 4 -3914
26 15 5 -1572
26 15 6 -5308
26 15 7 -3893
26 16 0 -2160
26 16 1 -5909
26 16 2 -1083
26 16 3 -589
26 16 4 -2603
26 16 5 38
26 16 6 -5814
26 16 7 -2375
26 17 0 -228
26 17 1 -5909
26 17 2 -1083
26 17 3 -589
26 17 4 -2603
26 17 5 38
26 17 6 -5814
26 17 7 -2375
26 18 0 -228
26 18 1 -5909
26 18 2 -1083
26 18 3 -589
26 18 4 -2603
26 18 5 38
26 18 6 -5814
26 18 7 -2375
26 19 0 -228
26 19 1 -5909
26 19 2 -1083
26 19 3 -589
26 19 4 -2603
26 19 5 38
26 19 6 -5814
26 19 7 -2375
26 20 0 -228
26 20 1 -5909
26 20 2 -1083
26 20 3 -589
26 20 4 -2603
26 20 5 38
26 20 6 -5814
26 20 7 -2375
26 21 0 -228
26 21 1 -5909
26 21 2 -1083
26 21 3 -589
26 21 4 -2603
26 21 5 38
26 21 6 -5814
26 21 7 -2375
26 22 0 -228
26 22 1 -5909
26 22 2 -1083
26 22 3 -589
26 22 4 -2603
26 22 5 38
26 22 6 -5814
26 22 7 -2375
26 23 0 -228
26 23 1 -5909
26 23 2 -1083
26 23 3 -589
26 23 4 -2603
26 23 5 38
26 23 6 -5814
26 23 7 -2375
26 24 0 -228
26 24 1 -5909
26 24 2 -1083
26 24 3 -589
26 24 4 -2603
26 24 5 38
26 24 6 -5814
26 24 7 -2375
26 25 0 -228
26 25 1 -5909
26 25 2 -1083
26 25 3 -589
26 25 4 -2603
26 25 5 38
26 25 6 -5814
26 25 7 -2375
26 26 0 -228
26 26 1 -5909
26 26 2 -1083
26 26 3 -589
26 26 4 -2603
26 26 5 38
26 26 6 -5814
26 26 7 -2375
26 27 0 -228
26 27 1 -5073
26 27 2 1254
26 27 3 2090
26 27 4 -570
26 27 5 -19
26 27 6 -3933
26 27 7 -988
27 0 0 2869
27 0 1 -3078
27 0 2 -2033
27 0 3 -1805
27 0 4 -741
27 0 5 513
27 0 6 -2888
27 0 7 -494
27 1 0 -2603
27 1 1 -6118
27 1 2 -2147
27 1 3 -684
27 1 4 -228
27 1 5 494
27 1 6 -4750
27 1 7 570
27 2 0 494
27 2 1 -6118
27 2 2 -2147
27 2 3 -684
27 2 4 -228
27 2 5 494
27 2 6 -4750
27 2 7 570
27 3 0 494
27 3 1 -6118
27 3 2 -2147
27 3 3 -684
27 3 4 -228
27 3 5 494
27 3 6 -4750
27 3 7 570
27 4 0 494
27 4 1 -6118
27 4 2 -2147
27 4 3 -684
27 4 4 -228
27 4 5 494
27 4 6 -4750
27 4 7 570
27 5 0 494
27 5 1 -6118
27 5 2 -2147
27 5 3 -684
27 5 4 -228
27 5 5 494
27 5 6 -4750
27 5 7 570
27 6 0 494
27 6 1 -6118
27 6 2 -2147
27 6 3 -684
27 6 4 -228
27 6 5 494
27 6 6 -4750
27 6 7 570
27 7 0 494
27 7 1 -6118
27 7 2 -2147
27 7 3 -684
27 7 4 -228
27 7 5 494
27 7 6 -4750
27 7 7 570
27 8 0 494
27 8 1 -6118
27 8 2 -2147
27 8 3 -684
27 8 4 -228
27 8 5 494
27 8 6 -4750
27 8 7 570
27 9 0 494
27 9 1 -874
27 9 2 2338
27 9 3 1869
27 9 4 807
27 9 5 3599
27 9 6 -7027
27 9 7 2916
27 10 0 6152
27 10 1 4350
27 10 2 11487
27 10 3 5371
27 10 4 -2469
27 10 5 7295
27 10 6 -6913
27 10 7 4603
27 11 0 9555
27 11 1 7003
27 11 2 17059
27 11 3 6098
27 11 4 -11671
27 11 5 1554
27 11 6 -1616
27 11 7 -1857
27 12 0 -1571
27 12 1 4863
27 12 2 11356
27 12 3 2896
27 12 4 -15895
27 12 5 -8734
27 12 6 2594
27 12 7 -10194
27 13 0 -15704
27 13 1 2888
27 13 2 3065
27 13 3 1068
27 13 4 -7594
27 13 5 -7726
27 13 6 -1774
27 13 7 -7348
27 14 0 -9828
27 14 1 -5348
27 14 2 -1757
27 14 3 -544
27 14 4 -798
27 14 5 -206
27 14 6 -4530
27 14 7 -90
27 15 0 -346
27 15 1 -6118
27 15 2 -2147
27 15 3 -684
27 15 4 -228
27 15 5 494
27 15 6 -4750
27 15 7 570
27 16 0 494
27 16 1 -6118
27 16 2 -2147
27 16 3 -684
27 16 4 -228
27 16 5 494
27 16 6 -4750
27 16 7 570
27 17 0 494
27 17 1 -6118
27 17 2 -2147
27 17 3 -684
27 17 4 -228
27 17 5 494
27 17 6 -4750
27 17 7 570
27 18 0 494
27 18 1 -6118
27 18 2 -2147
27 18 3 -684
27 18 4 -228
27 18 5 494
27 18 6 -4750
27 18 7 570
27 19 0 494
27 19 1 -6118
27 19 2 -2147
27 19 3 -684
27 19 4 -228
27 19 5 494
27 19 6 -4750
27 19 7 570
27 20 0 494
27 20 1 -6118
27 20 2 -2147
27 20 3 -684
27 20 4 -228
27 20 5 494
27 20 6 -4750
27 20 7 570
27 21 0 494
27 21 1 -6118
27 21 2 -2147
27 21 3 -684
27 21 4 -228
27 21 5 494
27 21 6 -4750
27 21 7 570
27 22 0 494
27 22 1 -6118
27 22 2 -2147
27 22 3 -684
27 22 4 -228
27 22 5 494
27 22 6 -4750
27 22 7 570
27 23 0 494
27 23 1 -6118
27 23 2 -2147
27 23 3 -684
27 23 4 -228
27 23 5 494
27 23 6 -4750
27 23 7 570
27 24 0 494
27 24 1 -6118
27 24 2 -2147
27 24 3 -684
27 24 4 -228
27 24 5 494
27 24 6 -4750
27 24 7 570
27 25 0 494
27 25 1 -6118
27 25 2 -2147
27 25 3 -684
27 25 4 -228
27 25 5 494
27 25 6 -4750
27 25 7 570
27 26 0 494
27 26 1 -6118
27 26 2 -2147
27 26 3 -684
27 26 4 -228
27 26 5 494
27 26 6 -4750
27 26 7 570
27 27 0 494
27 27 1 -4085
27 27 2 -741
27 27 3 380
27 27 4 551
27 27 5 -38
27 27 6 -4408
27 27 7 988
27 27 7 3477
