0 0 1 0
0 0 2 2052
0 0 3 570
0 0 4 0
0 0 5 950
0 0 6 0
0 0 7 0
0 1 0 0
0 1 1 0
0 1 2 2052
0 1 3 570
0 1 4 0
0 1 5 38
0 1 6 0
0 1 7 0
0 2 0 0
0 2 1 0
0 2 2 2052
0 2 3 570
0 2 4 0
0 2 5 38
0 2 6 0
0 2 7 0
0 3 0 0
0 3 1 0
0 3 2 2052
0 3 3 570
0 3 4 0
0 3 5 38
0 3 6 0
0 3 7 0
0 4 0 0
0 4 1 0
0 4 2 2052
0 4 3 570
0 4 4 0
0 4 5 38
0 4 6 0
0 4 7 0
0 5 0 0
0 5 1 0
0 5 2 2052
0 5 3 570
0 5 4 0
0 5 5 38
0 5 6 0
0 5 7 0
0 6 0 0
0 6 1 0
0 6 2 2052
0 6 3 570
0 6 4 0
0 6 5 38
0 6 6 0
0 6 7 0
0 7 0 0
0 7 1 0
0 7 2 2052
0 7 3 570
0 7 4 0
0 7 5 38
0 7 6 0
0 7 7 0
0 8 0 0
0 8 1 0
0 8 2 2052
0 8 3 570
0 8 4 0
0 8 5 38
0 8 6 0
0 8 7 0
0 9 0 0
0 9 1 0
0 9 2 2052
0 9 3 570
0 9 4 0
0 9 5 38
0 9 6 0
0 9 7 0
0 10 0 0
0 10 1 0
0 10 2 2052
0 10 3 570
0 10 4 0
0 10 5 38
0 10 6 0
0 10 7 0
0 11 0 0
0 11 1 0
0 11 2 2052
0 11 3 570
0 11 4 0
0 11 5 38
0 11 6 0
0 11 7 0
0 12 0 0
0 12 1 0
0 12 2 2052
0 12 3 570
0 12 4 0
0 12 5 38
0 12 6 0
0 12 7 0
0 13 0 0
0 13 1 0
0 13 2 3154
0 13 3 2546
0 13 4 0
0 13 5 38
0 13 6 0
0 13 7 0
1 0 0 2869
1 0 1 0
1 0 2 0
1 0 3 0
1 0 4 0
1 0 5 38
1 0 6 0
1 0 7 0
1 1 0 0
1 1 1 0
1 1 2 0
1 1 3 0
1 1 4 0
1 1 5 38
1 1 6 0
1 1 7 0
1 2 0 0
1 2 1 0
1 2 2 0
1 2 3 0
1 2 4 0
1 2 5 38
1 2 6 0
1 2 7 0
1 3 0 0
1 3 1 0
1 3 2 0
1 3 3 0
1 3 4 0
1 3 5 38
1 3 6 0
1 3 7 0
1 4 0 0
1 4 1 0
1 4 2 0
1 4 3 0
1 4 4 0
1 4 5 38
1 4 6 0
1 4 7 0
1 5 0 0
1 5 1 0
1 5 2 0
1 5 3 0
1 5 4 0
1 5 5 38
1 5 6 0
1 5 7 0
1 6 0 0
1 6 1 0
1 6 2 0
1 6 3 0
1 6 4 0
1 6 5 38
1 6 6 0
1 6 7 0
1 7 0 0
1 7 1 0
1 7 2 0
1 7 3 0
1 7 4 0
1 7 5 38
1 7 6 0
1 7 7 0
1 8 0 0
1 8 1 0
1 8 2 0
1 8 3 0
1 8 4 0
1 8 5 38
1 8 6 0
1 8 7 0
1 9 0 0
1 9 1 0
1 9 2 0
1 9 3 0
1 9 4 0
1 9 5 38
1 9 6 0
1 9 7 0
1 10 0 0
1 10 1 0
1 10 2 0
1 10 3 0
1 10 4 0
1 10 5 38
1 10 6 0
1 10 7 0
1 11 0 0
1 11 1 0
1 11 2 0
1 11 3 0
1 11 4 0
1 11 5 38
1 11 6 0
1 11 7 0
1 12 0 0
1 12 1 0
1 12 2 0
1 12 3 0
1 12 4 0
1 12 5 38
1 12 6 0
1 12 7 0
1 13 0 0
1 13 1 0
1 13 2 1254
1 13 3 2090
1 13 4 0
1 13 5 38
1 13 6 0
1 13 7 0
2 0 0 2869
2 0 1 0
2 0 2 0
2 0 3 0
2 0 4 0
2 0 5 38
2 0 6 0
2 0 7 0
2 1 0 0
2 1 1 0
2 1 2 0
2 1 3 0
2 1 4 0
2 1 5 38
2 1 6 0
2 1 7 0
2 2 0 0
2 2 1 0
2 2 2 0
2 2 3 0
2 2 4 0
2 2 5 38
2 2 6 0
2 2 7 0
2 3 0 0
2 3 1 0
2 3 2 0
2 3 3 0
2 3 4 0
2 3 5 38
2 3 6 0
2 3 7 0
2 4 0 0
2 4 1 0
2 4 2 0
2 4 3 0
2 4 4 0
2 4 5 38
2 4 6 0
2 4 7 0
2 5 0 0
2 5 1 0
2 5 2 0
2 5 3 0
2 5 4 0
2 5 5 38
2 5 6 0
2 5 7 0
2 6 0 0
2 6 1 0
2 6 2 0
2 6 3 0
2 6 4 0
2 6 5 38
2 6 6 0
2 6 7 0
2 7 0 0
2 7 1 0
2 7 2 0
2 7 3 0
2 7 4 0
2 7 5 38
2 7 6 0
2 7 7 0
2 8 0 0
2 8 1 0
2 8 2 0
2 8 3 0
2 8 4 0
2 8 5 38
2 8 6 0
2 8 7 0
2 9 0 0
2 9 1 0
2 9 2 0
2 9 3 0
2 9 4 0
2 9 5 38
2 9 6 0
2 9 7 0
2 10 0 0
2 10 1 0
2 10 2 0
2 10 3 0
2 10 4 0
2 10 5 38
2 10 6 0
2 10 7 0
2 11 0 0
2 11 1 0
2 11 2 0
2 11 3 0
2 11 4 0
2 11 5 38
2 11 6 0
2 11 7 0
2 12 0 0
2 12 1 0
2 12 2 0
2 12 3 0
2 12 4 0
2 12 5 38
2 12 6 0
2 12 7 0
2 13 0 0
2 13 1 0
2 13 2 1254
2 13 3 2090
2 13 4 0
2 13 5 38
2 13 6 0
2 13 7 0
3 0 0 2869
3 0 1 0
3 0 2 0
3 0 3 0
3 0 4 0
3 0 5 38
3 0 6 0
3 0 7 0
3 1 0 0
3 1 1 0
3 1 2 0
3 1 3 0
3 1 4 0
3 1 5 38
3 1 6 0
3 1 7 0
3 2 0 0
3 2 1 0
3 2 2 5572
3 2 3 11118
3 2 4 7027
3 2 5 1238
3 2 6 6921
3 2 7 3526
3 3 0 4134
3 3 1 4737
3 3 2 8426
3 3 3 11840
3 3 4 24730
3 3 5 2736
3 3 6 21059
3 3 7 19976
3 4 0 22046
3 4 1 9693
3 4 2 0
3 4 3 0
3 4 4 26580
3 4 5 7239
3 4 6 23484
3 4 7 22064
3 5 0 5269
3 5 1 2868
3 5 2 0
3 5 3 0
3 5 4 20294
3 5 5 7814
3 5 6 12610
3 5 7 20929
3 6 0 2159
3 6 1 0
3 6 2 0
3 6 3 0
3 6 4 13777
3 6 5 4191
3 6 6 1710
3 6 7 17175
3 7 0 4066
3 7 1 0
3 7 2 0
3 7 3 0
3 7 4 11522
3 7 5 2750
3 7 6 514
3 7 7 15140
3 8 0 4066
3 8 1 0
3 8 2 0
3 8 3 0
3 8 4 11522
3 8 5 2750
3 8 6 514
3 8 7 15140
3 9 0 4066
3 9 1 0
3 9 2 0
3 9 3 0
3 9 4 11522
3 9 5 2750
3 9 6 514
3 9 7 15140
3 10 0 4066
3 10 1 274
3 10 2 0
3 10 3 0
3 10 4 6140
3 10 5 659
3 10 6 0
3 10 7 10411
3 11 0 2000
3 11 1 0
3 11 2 0
3 11 3 0
3 11 4 0
3 11 5 38
3 11 6 0
3 11 7 0
3 12 0 0
3 12 1 0
3 12 2 0
3 12 3 0
3 12 4 0
3 12 5 38
3 12 6 0
3 12 7 0
3 13 0 0
3 13 1 0
3 13 2 1254
3 13 3 2090
3 13 4 0
3 13 5 38
3 13 6 0
3 13 7 0
4 0 0 2869
4 0 1 0
4 0 2 0
4 0 3 0
4 0 4 0
4 0 5 38
4 0 6 0
4 0 7 0
4 1 0 0
4 1 1 0
4 1 2 0
4 1 3 0
4 1 4 0
4 1 5 38
4 1 6 0
4 1 7 0
4 2 0 0
4 2 1 4921
4 2 2 7514
4 2 3 6830
4 2 4 3927
4 2 5 2979
4 2 6 2157
4 2 7 1487
4 3 0 13461
4 3 1 26960
4 3 2 19435
4 3 3 14788
4 3 4 11621
4 3 5 2212
4 3 6 29362
4 3 7 5517
4 4 0 24152
4 4 1 33419
4 4 2 20506
4 4 3 8915
4 4 4 12739
4 4 5 0
4 4 6 36961
4 4 7 3876
4 5 0 0
4 5 1 30580
4 5 2 19298
4 5 3 9708
4 5 4 24794
4 5 5 2943
4 5 6 37308
4 5 7 15762
4 6 0 3445
4 6 1 35865
4 6 2 11306
4 6 3 2872
4 6 4 28952
4 6 5 2937
4 6 6 30434
4 6 7 21299
4 7 0 5635
4 7 1 35723
4 7 2 12232
4 7 3 5577
4 7 4 28856
4 7 5 2985
4 7 6 31700
4 7 7 21795
4 8 0 8259
4 8 1 36869
4 8 2 7680
4 8 3 2111
4 8 4 28724
4 8 5 2903
4 8 6 31274
4 8 7 21693
4 9 0 7191
4 9 1 28730
4 9 2 17995
4 9 3 11406
4 9 4 28810
4 9 5 4149
4 9 6 39374
4 9 7 21215
4 10 0 10480
4 10 1 30953
4 10 2 0
4 10 3 0
4 10 4 21416
4 10 5 7435
4 10 6 29864
4 10 7 19204
4 11 0 252
4 11 1 7250
4 11 2 0
4 11 3 0
4 11 4 3497
4 11 5 3496
4 11 6 0
4 11 7 3765
4 12 0 0
4 12 1 0
4 12 2 0
4 12 3 0
4 12 4 0
4 12 5 38
4 12 6 0
4 12 7 0
4 13 0 0
4 13 1 0
4 13 2 1254
4 13 3 2090
4 13 4 0
4 13 5 38
4 13 6 0
4 13 7 0
5 0 0 2869
5 0 1 0
5 0 2 0
5 0 3 0
5 0 4 0
5 0 5 38
5 0 6 0
5 0 7 0
5 1 0 0
5 1 1 0
5 1 2 0
5 1 3 0
5 1 4 0
5 1 5 38
5 1 6 0
5 1 7 0
5 2 0 0
5 2 1 0
5 2 2 1387
5 2 3 817
5 2 4 0
5 2 5 1748
5 2 6 0
5 2 7 0
5 3 0 2888
5 3 1 0
5 3 2 7029
5 3 3 2196
5 3 4 0
5 3 5 3115
5 3 6 0
5 3 7 0
5 4 0 3544
5 4 1 3796
5 4 2 10526
5 4 3 4076
5 4 4 0
5 4 5 1613
5 4 6 0
5 4 7 0
5 5 0 1289
5 5 1 13040
5 5 2 19961
5 5 3 8390
5 5 4 0
5 5 5 1788
5 5 6 0
5 5 7 0
5 6 0 2478
5 6 1 20080
5 6 2 20730
5 6 3 7978
5 6 4 0
5 6 5 0
5 6 6 3115
5 6 7 0
5 7 0 0
5 7 1 21842
5 7 2 21232
5 7 3 9272
5 7 4 0
5 7 5 1340
5 7 6 6575
5 7 7 0
5 8 0 658
5 8 1 21566
5 8 2 22015
5 8 3 12587
5 8 4 3157
5 8 5 0
5 8 6 9058
5 8 7 1705
5 9 0 1767
5 9 1 25445
5 9 2 29806
5 9 3 19622
5 9 4 14639
5 9 5 1460
5 9 6 26723
5 9 7 18135
5 10 0 32408
5 10 1 39742
5 10 2 0
5 10 3 0
5 10 4 5043
5 10 5 2873
5 10 6 24947
5 10 7 6788
5 11 0 0
5 11 1 6004
5 11 2 966
5 11 3 0
5 11 4 0
5 11 5 38
5 11 6 422
5 11 7 0
5 12 0 0
5 12 1 0
5 12 2 0
5 12 3 0
5 12 4 0
5 12 5 38
5 12 6 0
5 12 7 0
5 13 0 0
5 13 1 0
5 13 2 1254
5 13 3 2090
5 13 4 0
5 13 5 38
5 13 6 0
5 13 7 0
6 0 0 2869
6 0 1 0
6 0 2 0
6 0 3 0
6 0 4 0
6 0 5 38
6 0 6 0
6 0 7 0
6 1 0 0
6 1 1 0
6 1 2 0
6 1 3 0
6 1 4 0
6 1 5 38
6 1 6 0
6 1 7 0
6 2 0 0
6 2 1 0
6 2 2 0
6 2 3 0
6 2 4 0
6 2 5 38
6 2 6 0
6 2 7 0
6 3 0 0
6 3 1 0
6 3 2 0
6 3 3 0
6 3 4 0
6 3 5 38
6 3 6 0
6 3 7 0
6 4 0 0
6 4 1 0
6 4 2 0
6 4 3 0
6 4 4 0
6 4 5 38
6 4 6 0
6 4 7 0
6 5 0 0
6 5 1 0
6 5 2 0
6 5 3 0
6 5 4 0
6 5 5 38
6 5 6 0
6 5 7 0
6 6 0 0
6 6 1 0
6 6 2 0
6 6 3 0
6 6 4 0
6 6 5 38
6 6 6 0
6 6 7 0
6 7 0 0
6 7 1 0
6 7 2 583
6 7 3 2301
6 7 4 0
6 7 5 888
6 7 6 0
6 7 7 0
6 8 0 0
6 8 1 4032
6 8 2 13521
6 8 3 15794
6 8 4 17840
6 8 5 939
6 8 6 14704
6 8 7 15806
6 9 0 35214
6 9 1 37524
6 9 2 8826
6 9 3 13982
6 9 4 21912
6 9 5 8773
6 9 6 23825
6 9 7 19416
6 10 0 32593
6 10 1 29094
6 10 2 0
6 10 3 0
6 10 4 0
6 10 5 796
6 10 6 14813
6 10 7 0
6 11 0 0
6 11 1 0
6 11 2 0
6 11 3 0
6 11 4 0
6 11 5 38
6 11 6 0
6 11 7 0
6 12 0 0
6 12 1 0
6 12 2 0
6 12 3 0
6 12 4 0
6 12 5 38
6 12 6 0
6 12 7 0
6 13 0 0
6 13 1 0
6 13 2 1254
6 13 3 2090
6 13 4 0
6 13 5 38
6 13 6 0
6 13 7 0
7 0 0 2869
7 0 1 0
7 0 2 0
7 0 3 0
7 0 4 0
7 0 5 38
7 0 6 0
7 0 7 0
7 1 0 0
7 1 1 0
7 1 2 0
7 1 3 0
7 1 4 0
7 1 5 38
7 1 6 0
7 1 7 0
7 2 0 0
7 2 1 0
7 2 2 0
7 2 3 0
7 2 4 0
7 2 5 38
7 2 6 0
7 2 7 0
7 3 0 0
7 3 1 0
7 3 2 0
7 3 3 0
7 3 4 0
7 3 5 38
7 3 6 0
7 3 7 0
7 4 0 0
7 4 1 0
7 4 2 0
7 4 3 0
7 4 4 0
7 4 5 38
7 4 6 0
7 4 7 0
7 5 0 0
7 5 1 0
7 5 2 0
7 5 3 0
7 5 4 0
7 5 5 38
7 5 6 0
7 5 7 0
7 6 0 0
7 6 1 0
7 6 2 0
7 6 3 0
7 6 4 0
7 6 5 38
7 6 6 0
7 6 7 0
7 7 0 0
7 7 1 0
7 7 2 7654
7 7 3 11928
7 7 4 7575
7 7 5 163
7 7 6 6372
7 7 7 3991
7 8 0 9452
7 8 1 28925
7 8 2 18360
7 8 3 18709
7 8 4 19624
7 8 5 2638
7 8 6 22066
7 8 7 18124
7 9 0 34563
7 9 1 39051
7 9 2 0
7 9 3 0
7 9 4 9110
7 9 5 8613
7 9 6 20563
7 9 7 13010
7 10 0 0
7 10 1 7475
7 10 2 4210
7 10 3 0
7 10 4 0
7 10 5 38
7 10 6 740
7 10 7 0
7 11 0 0
7 11 1 0
7 11 2 0
7 11 3 0
7 11 4 0
7 11 5 38
7 11 6 0
7 11 7 0
7 12 0 0
7 12 1 0
7 12 2 0
7 12 3 0
7 12 4 0
7 12 5 38
7 12 6 0
7 12 7 0
7 13 0 0
7 13 1 0
7 13 2 1254
7 13 3 2090
7 13 4 0
7 13 5 38
7 13 6 0
7 13 7 0
8 0 0 2869
8 0 1 0
8 0 2 0
8 0 3 0
8 0 4 0
8 0 5 38
8 0 6 0
8 0 7 0
8 1 0 0
8 1 1 0
8 1 2 0
8 1 3 0
8 1 4 0
8 1 5 38
8 1 6 0
8 1 7 0
8 2 0 0
8 2 1 0
8 2 2 0
8 2 3 0
8 2 4 0
8 2 5 38
8 2 6 0
8 2 7 0
8 3 0 0
8 3 1 0
8 3 2 0
8 3 3 0
8 3 4 0
8 3 5 38
8 3 6 0
8 3 7 0
8 4 0 0
8 4 1 0
8 4 2 0
8 4 3 0
8 4 4 0
8 4 5 38
8 4 6 0
8 4 7 0
8 5 0 0
8 5 1 0
8 5 2 0
8 5 3 0
8 5 4 0
8 5 5 38
8 5 6 0
8 5 7 0
8 6 0 0
8 6 1 0
8 6 2 1024
8 6 3 3066
8 6 4 235
8 6 5 1113
8 6 6 0
8 6 7 0
8 7 0 30
8 7 1 3862
8 7 2 13459
8 7 3 15044
8 7 4 18039
8 7 5 1473
8 7 6 13935
8 7 7 15612
8 8 0 33644
8 8 1 34832
8 8 2 9957
8 8 3 11724
8 8 4 16478
8 8 5 5399
8 8 6 19582
8 8 7 18981
8 9 0 31340
8 9 1 25669
8 9 2 2184
8 9 3 0
8 9 4 0
8 9 5 226
8 9 6 13639
8 9 7 0
8 10 0 0
8 10 1 0
8 10 2 0
8 10 3 0
8 10 4 0
8 10 5 38
8 10 6 0
8 10 7 0
8 11 0 0
8 11 1 0
8 11 2 0
8 11 3 0
8 11 4 0
8 11 5 38
8 11 6 0
8 11 7 0
8 12 0 0
8 12 1 0
8 12 2 0
8 12 3 0
8 12 4 0
8 12 5 38
8 12 6 0
8 12 7 0
8 13 0 0
8 13 1 0
8 13 2 1254
8 13 3 2090
8 13 4 0
8 13 5 38
8 13 6 0
8 13 7 0
9 0 0 2869
9 0 1 0
9 0 2 0
9 0 3 0
9 0 4 0
9 0 5 38
9 0 6 0
9 0 7 0
9 1 0 0
9 1 1 0
9 1 2 0
9 1 3 0
9 1 4 0
9 1 5 38
9 1 6 0
9 1 7 0
9 2 0 0
9 2 1 0
9 2 2 0
9 2 3 0
9 2 4 0
9 2 5 38
9 2 6 0
9 2 7 0
9 3 0 0
9 3 1 0
9 3 2 0
9 3 3 0
9 3 4 0
9 3 5 38
9 3 6 0
9 3 7 0
9 4 0 0
9 4 1 0
9 4 2 0
9 4 3 0
9 4 4 0
9 4 5 38
9 4 6 0
9 4 7 0
9 5 0 0
9 5 1 0
9 5 2 0
9 5 3 0
9 5 4 0
9 5 5 88
9 5 6 0
9 5 7 0
9 6 0 0
9 6 1 0
9 6 2 11950
9 6 3 12915
9 6 4 11030
9 6 5 2137
9 6 6 10969
9 6 7 8887
9 7 0 25160
9 7 1 35903
9 7 2 12191
9 7 3 14377
9 7 4 23699
9 7 5 5751
9 7 6 22675
9 7 7 21829
9 8 0 29969
9 8 1 36375
9 8 2 598
9 8 3 0
9 8 4 8100
9 8 5 7467
9 8 6 20452
9 8 7 11427
9 9 0 0
9 9 1 4838
9 9 2 1884
9 9 3 0
9 9 4 0
9 9 5 38
9 9 6 0
9 9 7 0
9 10 0 0
9 10 1 0
9 10 2 0
9 10 3 0
9 10 4 0
9 10 5 38
9 10 6 0
9 10 7 0
9 11 0 0
9 11 1 0
9 11 2 0
9 11 3 0
9 11 4 0
9 11 5 38
9 11 6 0
9 11 7 0
9 12 0 0
9 12 1 0
9 12 2 0
9 12 3 0
9 12 4 0
9 12 5 38
9 12 6 0
9 12 7 0
9 13 0 0
9 13 1 0
9 13 2 1254
9 13 3 2090
9 13 4 0
9 13 5 38
9 13 6 0
9 13 7 0
10 0 0 2869
10 0 1 0
10 0 2 0
10 0 3 0
10 0 4 0
10 0 5 38
10 0 6 0
10 0 7 0
10 1 0 0
10 1 1 0
10 1 2 0
10 1 3 0
10 1 4 0
10 1 5 38
10 1 6 0
10 1 7 0
10 2 0 0
10 2 1 0
10 2 2 0
10 2 3 0
10 2 4 0
10 2 5 38
10 2 6 0
10 2 7 0
10 3 0 0
10 3 1 0
10 3 2 0
10 3 3 0
10 3 4 0
10 3 5 38
10 3 6 0
10 3 7 0
10 4 0 0
10 4 1 0
10 4 2 0
10 4 3 0
10 4 4 0
10 4 5 38
10 4 6 0
10 4 7 0
10 5 0 0
10 5 1 0
10 5 2 5913
10 5 3 10315
10 5 4 6339
10 5 5 1740
10 5 6 5448
10 5 7 4515
10 6 0 4118
10 6 1 22002
10 6 2 14903
10 6 3 17340
10 6 4 19750
10 6 5 0
10 6 6 19184
10 6 7 19065
10 7 0 36516
10 7 1 42780
10 7 2 0
10 7 3 0
10 7 4 17996
10 7 5 5932
10 7 6 23519
10 7 7 19627
10 8 0 13691
10 8 1 19167
10 8 2 3560
10 8 3 0
10 8 4 0
10 8 5 0
10 8 6 11702
10 8 7 0
10 9 0 0
10 9 1 0
10 9 2 0
10 9 3 0
10 9 4 0
10 9 5 38
10 9 6 0
10 9 7 0
10 10 0 0
10 10 1 0
10 10 2 0
10 10 3 0
10 10 4 0
10 10 5 38
10 10 6 0
10 10 7 0
10 11 0 0
10 11 1 0
10 11 2 0
10 11 3 0
10 11 4 0
10 11 5 38
10 11 6 0
10 11 7 0
10 12 0 0
10 12 1 0
10 12 2 0
10 12 3 0
10 12 4 0
10 12 5 38
10 12 6 0
10 12 7 0
10 13 0 0
10 13 1 0
10 13 2 1254
10 13 3 2090
10 13 4 0
10 13 5 38
10 13 6 0
10 13 7 0
11 0 0 2869
11 0 1 0
11 0 2 0
11 0 3 0
11 0 4 0
11 0 5 38
11 0 6 0
11 0 7 0
11 1 0 0
11 1 1 0
11 1 2 0
11 1 3 0
11 1 4 0
11 1 5 38
11 1 6 0
11 1 7 0
11 2 0 0
11 2 1 0
11 2 2 0
11 2 3 0
11 2 4 0
11 2 5 38
11 2 6 0
11 2 7 0
11 3 0 0
11 3 1 0
11 3 2 0
11 3 3 0
11 3 4 0
11 3 5 38
11 3 6 0
11 3 7 0
11 4 0 0
11 4 1 0
11 4 2 632
11 4 3 2386
11 4 4 0
11 4 5 913
11 4 6 0
11 4 7 0
11 5 0 0
11 5 1 3875
11 5 2 13230
11 5 3 15757
11 5 4 17658
11 5 5 624
11 5 6 15271
11 5 7 15554
11 6 0 34183
11 6 1 35553
11 6 2 7454
11 6 3 13840
11 6 4 24050
11 6 5 10043
11 6 6 29968
11 6 7 23225
11 7 0 32965
11 7 1 33128
11 7 2 1268
11 7 3 0
11 7 4 363
11 7 5 2285
11 7 6 16200
11 7 7 1753
11 8 0 0
11 8 1 0
11 8 2 633
11 8 3 27
11 8 4 0
11 8 5 38
11 8 6 0
11 8 7 0
11 9 0 0
11 9 1 0
11 9 2 0
11 9 3 0
11 9 4 0
11 9 5 38
11 9 6 0
11 9 7 0
11 10 0 0
11 10 1 0
11 10 2 0
11 10 3 0
11 10 4 0
11 10 5 38
11 10 6 0
11 10 7 0
11 11 0 0
11 11 1 0
11 11 2 0
11 11 3 0
11 11 4 0
11 11 5 38
11 11 6 0
11 11 7 0
11 12 0 0
11 12 1 0
11 12 2 0
11 12 3 0
11 12 4 0
11 12 5 38
11 12 6 0
11 12 7 0
11 13 0 0
11 13 1 0
11 13 2 1254
11 13 3 2090
11 13 4 0
11 13 5 38
11 13 6 0
11 13 7 0
12 0 0 2869
12 0 1 0
12 0 2 0
12 0 3 0
12 0 4 0
12 0 5 38
12 0 6 0
12 0 7 0
12 1 0 0
12 1 1 0
12 1 2 0
12 1 3 0
12 1 4 0
12 1 5 38
12 1 6 0
12 1 7 0
12 2 0 0
12 2 1 0
12 2 2 0
12 2 3 0
12 2 4 0
12 2 5 38
12 2 6 0
12 2 7 0
12 3 0 0
12 3 1 0
12 3 2 0
12 3 3 0
12 3 4 0
12 3 5 38
12 3 6 0
12 3 7 0
12 4 0 0
12 4 1 0
12 4 2 5194
12 4 3 7882
12 4 4 4270
12 4 5 38
12 4 6 2139
12 4 7 1506
12 5 0 8231
12 5 1 20913
12 5 2 18083
12 5 3 20191
12 5 4 21331
12 5 5 1982
12 5 6 29161
12 5 7 19467
12 6 0 30101
12 6 1 47068
12 6 2 3709
12 6 3 1678
12 6 4 19695
12 6 5 3652
12 6 6 34962
12 6 7 19224
12 7 0 7662
12 7 1 27175
12 7 2 363
12 7 3 0
12 7 4 1409
12 7 5 22
12 7 6 10209
12 7 7 0
12 8 0 0
12 8 1 0
12 8 2 0
12 8 3 0
12 8 4 0
12 8 5 38
12 8 6 0
12 8 7 0
12 9 0 0
12 9 1 0
12 9 2 0
12 9 3 0
12 9 4 0
12 9 5 38
12 9 6 0
12 9 7 0
12 10 0 0
12 10 1 0
12 10 2 0
12 10 3 0
12 10 4 0
12 10 5 38
12 10 6 0
12 10 7 0
12 11 0 0
12 11 1 0
12 11 2 0
12 11 3 0
12 11 4 0
12 11 5 38
12 11 6 0
12 11 7 0
12 12 0 0
12 12 1 0
12 12 2 0
12 12 3 0
12 12 4 0
12 12 5 38
12 12 6 0
12 12 7 0
12 13 0 0
12 13 1 0
12 13 2 1254
12 13 3 2090
12 13 4 0
12 13 5 38
12 13 6 0
12 13 7 0
13 0 0 2869
13 0 1 0
13 0 2 0
13 0 3 0
13 0 4 0
13 0 5 513
13 0 6 0
13 0 7 570
13 1 0 494
13 1 1 0
13 1 2 0
13 1 3 0
13 1 4 0
13 1 5 494
13 1 6 0
13 1 7 570
13 2 0 494
13 2 1 0
13 2 2 0
13 2 3 0
13 2 4 0
13 2 5 494
13 2 6 0
13 2 7 570
13 3 0 494
13 3 1 0
13 3 2 0
13 3 3 0
13 3 4 0
13 3 5 494
13 3 6 0
13 3 7 570
13 4 0 494
13 4 1 1474
13 4 2 4023
13 4 3 3275
13 4 4 807
13 4 5 3599
13 4 6 0
13 4 7 2916
13 5 0 10605
13 5 1 27784
13 5 2 17059
13 5 3 10222
13 5 4 3204
13 5 5 7295
13 5 6 21611
13 5 7 4603
13 6 0 21157
13 6 1 33375
13 6 2 13543
13 6 3 2896
13 6 4 0
13 6 5 5304
13 6 6 21619
13 6 7 0
13 7 0 0
13 7 1 4362
13 7 2 4865
13 7 3 661
13 7 4 0
13 7 5 494
13 7 6 0
13 7 7 570
13 8 0 494
13 8 1 0
13 8 2 0
13 8 3 0
13 8 4 0
13 8 5 494
13 8 6 0
13 8 7 570
13 9 0 494
13 9 1 0
13 9 2 0
13 9 3 0
13 9 4 0
13 9 5 494
13 9 6 0
13 9 7 570
13 10 0 494
13 10 1 0
13 10 2 0
13 10 3 0
13 10 4 0
13 10 5 494
13 10 6 0
13 10 7 570
13 11 0 494
13 11 1 0
13 11 2 0
13 11 3 0
13 11 4 0
13 11 5 494
13 11 6 0
13 11 7 570
13 12 0 494
13 12 1 0
13 12 2 0
13 12 3 0
13 12 4 0
13 12 5 494
13 12 6 0
13 12 7 570
13 13 0 494
13 13 1 0
13 13 2 1254
13 13 3 2090
13 13 4 551
13 13 5 494
13 13 6 0
13 13 7 988
13 13 7 3477
