0 0 1 0
0 0 2 4843
0 0 3 0
0 0 4 88173
0 0 5 90595
0 0 6 0
0 0 7 156464
0 0 8 66266
0 0 9 115959
0 0 10 0
0 0 11 0
0 0 12 0
0 0 13 214190
0 0 14 72492
0 0 15 48480
0 1 0 199086
0 1 1 35870
0 1 2 37713
0 1 3 0
0 1 4 195675
0 1 5 221429
0 1 6 0
0 1 7 0
0 1 8 118174
0 1 9 153199
0 1 10 23824
0 1 11 0
0 1 12 0
0 1 13 155328
0 1 14 197626
0 1 15 55624
0 2 0 310844
0 2 1 1214
0 2 2 7617
0 2 3 0
0 2 4 223947
0 2 5 187685
0 2 6 0
0 2 7 0
0 2 8 97198
0 2 9 135871
0 2 10 22000
0 2 11 0
0 2 12 0
0 2 13 96960
0 2 14 166618
0 2 15 74776
0 3 0 306284
0 3 1 1214
0 3 2 7617
0 3 3 0
0 3 4 223947
0 3 5 187685
0 3 6 0
0 3 7 0
0 3 8 97198
0 3 9 135871
0 3 10 22000
0 3 11 0
0 3 12 0
0 3 13 96960
0 3 14 166618
0 3 15 74776
0 4 0 306284
0 4 1 1214
0 4 2 7617
0 4 3 0
0 4 4 223947
0 4 5 187685
0 4 6 0
0 4 7 0
0 4 8 97198
0 4 9 135871
0 4 10 22000
0 4 11 0
0 4 12 0
0 4 13 96960
0 4 14 166618
0 4 15 74776
0 5 0 306284
0 5 1 1214
0 5 2 7617
0 5 3 0
0 5 4 223947
0 5 5 187685
0 5 6 0
0 5 7 0
0 5 8 97198
0 5 9 135871
0 5 10 22000
0 5 11 0
0 5 12 0
0 5 13 96960
0 5 14 166618
0 5 15 74776
0 6 0 306284
0 6 1 1214
0 6 2 7617
0 6 3 0
0 6 4 223947
0 6 5 187685
0 6 6 0
0 6 7 0
0 6 8 97198
0 6 9 135871
0 6 10 22000
0 6 11 0
0 6 12 0
0 6 13 96960
0 6 14 166618
0 6 15 74776
0 7 0 306284
0 7 1 1214
0 7 2 7617
0 7 3 0
0 7 4 223947
0 7 5 187685
0 7 6 0
0 7 7 0
0 7 8 97198
0 7 9 135871
0 7 10 22000
0 7 11 0
0 7 12 0
0 7 13 96960
0 7 14 166618
0 7 15 74776
0 8 0 306284
0 8 1 1214
0 8 2 7617
0 8 3 0
0 8 4 223947
0 8 5 187685
0 8 6 0
0 8 7 0
0 8 8 97198
0 8 9 135871
0 8 10 22000
0 8 11 0
0 8 12 0
0 8 13 96960
0 8 14 166618
0 8 15 74776
0 9 0 306284
0 9 1 1214
0 9 2 7617
0 9 3 0
0 9 4 223947
0 9 5 187685
0 9 6 0
0 9 7 0
0 9 8 97198
0 9 9 135871
0 9 10 22000
0 9 11 0
0 9 12 0
0 9 13 96960
0 9 14 166618
0 9 15 74776
0 10 0 306284
0 10 1 1214
0 10 2 7617
0 10 3 0
0 10 4 223947
0 10 5 187685
0 10 6 0
0 10 7 0
0 10 8 97198
0 10 9 135871
0 10 10 22000
0 10 11 0
0 10 12 0
0 10 13 96960
0 10 14 166618
0 10 15 74776
0 11 0 306284
0 11 1 1214
0 11 2 7617
0 11 3 0
0 11 4 223947
0 11 5 187685
0 11 6 0
0 11 7 0
0 11 8 97198
0 11 9 135871
0 11 10 22000
0 11 11 0
0 11 12 0
0 11 13 96960
0 11 14 166618
0 11 15 74776
0 12 0 306284
0 12 1 0
0 12 2 77917
0 12 3 0
0 12 4 111277
0 12 5 437744
0 12 6 0
0 12 7 357123
0 12 8 315109
0 12 9 141989
0 12 10 42007
0 12 11 0
0 12 12 0
0 12 13 0
0 12 14 0
0 12 15 307507
0 13 0 293516
0 13 1 15122
0 13 2 183709
0 13 3 0
0 13 4 0
0 13 5 160078
0 13 6 615336
0 13 7 349656
0 13 8 325882
0 13 9 188596
0 13 10 0
0 13 11 0
0 13 12 0
0 13 13 0
0 13 14 0
0 13 15 0
1 0 0 682845
1 0 1 0
1 0 2 53939
1 0 3 0
1 0 4 44929
1 0 5 86909
1 0 6 0
1 0 7 0
1 0 8 133032
1 0 9 42049
1 0 10 0
1 0 11 0
1 0 12 0
1 0 13 178774
1 0 14 15644
1 0 15 0
1 1 0 170510
1 1 1 0
1 1 2 24679
1 1 3 0
1 1 4 104703
1 1 5 175373
1 1 6 0
1 1 7 0
1 1 8 131512
1 1 9 113071
1 1 10 0
1 1 11 0
1 1 12 0
1 1 13 276168
1 1 14 0
1 1 15 0
1 2 0 197300
1 2 1 0
1 2 2 24679
1 2 3 0
1 2 4 84639
1 2 5 160781
1 2 6 0
1 2 7 0
1 2 8 130600
1 2 9 76591
1 2 10 0
1 2 11 0
1 2 12 0
1 2 13 219624
1 2 14 0
1 2 15 0
1 3 0 184532
1 3 1 0
1 3 2 24679
1 3 3 0
1 3 4 84639
1 3 5 160781
1 3 6 0
1 3 7 0
1 3 8 130600
1 3 9 76591
1 3 10 0
1 3 11 0
1 3 12 0
1 3 13 219624
1 3 14 0
1 3 15 0
1 4 0 184532
1 4 1 0
1 4 2 24679
1 4 3 0
1 4 4 84639
1 4 5 160781
1 4 6 0
1 4 7 0
1 4 8 130600
1 4 9 76591
1 4 10 0
1 4 11 0
1 4 12 0
1 4 13 219624
1 4 14 0
1 4 15 0
1 5 0 184532
1 5 1 0
1 5 2 24679
1 5 3 0
1 5 4 84639
1 5 5 160781
1 5 6 0
1 5 7 0
1 5 8 130600
1 5 9 76591
1 5 10 0
1 5 11 0
1 5 12 0
1 5 13 219624
1 5 14 0
1 5 15 0
1 6 0 184532
1 6 1 0
1 6 2 24679
1 6 3 0
1 6 4 84639
1 6 5 160781
1 6 6 0
1 6 7 0
1 6 8 130600
1 6 9 76591
1 6 10 0
1 6 11 0
1 6 12 0
1 6 13 219624
1 6 14 0
1 6 15 0
1 7 0 184532
1 7 1 0
1 7 2 24679
1 7 3 0
1 7 4 84639
1 7 5 160781
1 7 6 0
1 7 7 0
1 7 8 130600
1 7 9 76591
1 7 10 0
1 7 11 0
1 7 12 0
1 7 13 219624
1 7 14 0
1 7 15 0
1 8 0 184532
1 8 1 0
1 8 2 24679
1 8 3 0
1 8 4 84639
1 8 5 160781
1 8 6 0
1 8 7 0
1 8 8 130600
1 8 9 76591
1 8 10 0
1 8 11 0
1 8 12 0
1 8 13 219624
1 8 14 0
1 8 15 0
1 9 0 184532
1 9 1 0
1 9 2 24679
1 9 3 0
1 9 4 84639
1 9 5 160781
1 9 6 0
1 9 7 0
1 9 8 130600
1 9 9 76591
1 9 10 0
1 9 11 0
1 9 12 0
1 9 13 219624
1 9 14 0
1 9 15 0
1 10 0 184532
1 10 1 0
1 10 2 24679
1 10 3 0
1 10 4 84639
1 10 5 160781
1 10 6 0
1 10 7 0
1 10 8 130600
1 10 9 76591
1 10 10 0
1 10 11 0
1 10 12 0
1 10 13 219624
1 10 14 0
1 10 15 0
1 11 0 184532
1 11 1 0
1 11 2 24679
1 11 3 0
1 11 4 84639
1 11 5 160781
1 11 6 0
1 11 7 0
1 11 8 130600
1 11 9 76591
1 11 10 0
1 11 11 0
1 11 12 0
1 11 13 219624
1 11 14 0
1 11 15 0
1 12 0 184532
1 12 1 0
1 12 2 117266
1 12 3 0
1 12 4 0
1 12 5 464268
1 12 6 0
1 12 7 550885
1 12 8 518466
1 12 9 85141
1 12 10 0
1 12 11 0
1 12 12 0
1 12 13 0
1 12 14 0
1 12 15 44224
1 13 0 20068
1 13 1 0
1 13 2 429702
1 13 3 0
1 13 4 0
1 13 5 235622
1 13 6 451575
1 13 7 618487
1 13 8 468458
1 13 9 0
1 13 10 0
1 13 11 0
1 13 12 0
1 13 13 0
1 13 14 0
1 13 15 0
2 0 0 782443
2 0 1 7142
2 0 2 5033
2 0 3 0
2 0 4 3319
2 0 5 1295
2 0 6 0
2 0 7 0
2 0 8 336
2 0 9 667
2 0 10 0
2 0 11 0
2 0 12 307
2 0 13 9370
2 0 14 8234
2 0 15 7250
2 1 0 3272
2 1 1 718270
2 1 2 161683
2 1 3 0
2 1 4 0
2 1 5 762337
2 1 6 103351
2 1 7 1033805
2 1 8 0
2 1 9 0
2 1 10 30791
2 1 11 598847
2 1 12 0
2 1 13 170866
2 1 14 126320
2 1 15 694805
2 2 0 771406
2 2 1 1986361
2 2 2 1033374
2 2 3 0
2 2 4 0
2 2 5 224267
2 2 6 475137
2 2 7 3756358
2 2 8 0
2 2 9 523331
2 2 10 1218210
2 2 11 0
2 2 12 0
2 2 13 1982101
2 2 14 696509
2 2 15 849568
2 3 0 1856661
2 3 1 1481568
2 3 2 2011218
2 3 3 0
2 3 4 0
2 3 5 0
2 3 6 1611596
2 3 7 2154069
2 3 8 791589
2 3 9 3749887
2 3 10 2449894
2 3 11 0
2 3 12 0
2 3 13 6633790
2 3 14 907820
2 3 15 0
2 4 0 1219068
2 4 1 0
2 4 2 1450333
2 4 3 0
2 4 4 0
2 4 5 0
2 4 6 0
2 4 7 0
2 4 8 3122649
2 4 9 5036499
2 4 10 2459983
2 4 11 0
2 4 12 0
2 4 13 10241059
2 4 14 762534
2 4 15 1465380
2 5 0 0
2 5 1 0
2 5 2 478277
2 5 3 0
2 5 4 0
2 5 5 398939
2 5 6 0
2 5 7 0
2 5 8 1563747
2 5 9 3923895
2 5 10 869698
2 5 11 0
2 5 12 0
2 5 13 8673792
2 5 14 1616706
2 5 15 1663327
2 6 0 0
2 6 1 0
2 6 2 112234
2 6 3 0
2 6 4 0
2 6 5 469583
2 6 6 0
2 6 7 0
2 6 8 1148942
2 6 9 3179327
2 6 10 359797
2 6 11 0
2 6 12 0
2 6 13 6141770
2 6 14 663077
2 6 15 815664
2 7 0 0
2 7 1 0
2 7 2 0
2 7 3 0
2 7 4 0
2 7 5 272867
2 7 6 0
2 7 7 0
2 7 8 1095049
2 7 9 2647045
2 7 10 429783
2 7 11 0
2 7 12 0
2 7 13 4505482
2 7 14 0
2 7 15 235426
2 8 0 0
2 8 1 0
2 8 2 0
2 8 3 0
2 8 4 0
2 8 5 190179
2 8 6 0
2 8 7 0
2 8 8 1010734
2 8 9 2478933
2 8 10 442340
2 8 11 0
2 8 12 0
2 8 13 4115040
2 8 14 0
2 8 15 143738
2 9 0 0
2 9 1 0
2 9 2 0
2 9 3 0
2 9 4 0
2 9 5 472082
2 9 6 0
2 9 7 0
2 9 8 1209670
2 9 9 2373764
2 9 10 151197
2 9 11 0
2 9 12 0
2 9 13 3531475
2 9 14 0
2 9 15 160874
2 10 0 0
2 10 1 0
2 10 2 0
2 10 3 0
2 10 4 0
2 10 5 819706
2 10 6 0
2 10 7 0
2 10 8 1317282
2 10 9 1732837
2 10 10 0
2 10 11 0
2 10 12 0
2 10 13 2215511
2 10 14 0
2 10 15 212672
2 11 0 0
2 11 1 0
2 11 2 0
2 11 3 0
2 11 4 0
2 11 5 336099
2 11 6 0
2 11 7 0
2 11 8 396494
2 11 9 707433
2 11 10 0
2 11 11 0
2 11 12 0
2 11 13 1006650
2 11 14 0
2 11 15 43390
2 12 0 0
2 12 1 0
2 12 2 96822
2 12 3 0
2 12 4 0
2 12 5 312344
2 12 6 0
2 12 7 650407
2 12 8 396410
2 12 9 20997
2 12 10 63895
2 12 11 102566
2 12 12 0
2 12 13 0
2 12 14 0
2 12 15 130674
2 13 0 0
2 13 1 0
2 13 2 395806
2 13 3 0
2 13 4 0
2 13 5 113566
2 13 6 308011
2 13 7 752969
2 13 8 396790
2 13 9 0
2 13 10 17820
2 13 11 0
2 13 12 0
2 13 13 0
2 13 14 0
2 13 15 0
3 0 0 569111
3 0 1 7142
3 0 2 5033
3 0 3 0
3 0 4 3319
3 0 5 1295
3 0 6 0
3 0 7 0
3 0 8 336
3 0 9 667
3 0 10 0
3 0 11 0
3 0 12 307
3 0 13 9370
3 0 14 8234
3 0 15 7250
3 1 0 3272
3 1 1 0
3 1 2 0
3 1 3 0
3 1 4 0
3 1 5 1260425
3 1 6 0
3 1 7 1971912
3 1 8 726353
3 1 9 755918
3 1 10 79894
3 1 11 31415
3 1 12 0
3 1 13 0
3 1 14 0
3 1 15 1580330
3 2 0 1020563
3 2 1 2109969
3 2 2 488679
3 2 3 0
3 2 4 0
3 2 5 1586943
3 2 6 0
3 2 7 8801681
3 2 8 2377517
3 2 9 3673843
3 2 10 488791
3 2 11 0
3 2 12 0
3 2 13 0
3 2 14 0
3 2 15 3504024
3 3 0 4323663
3 3 1 8475875
3 3 2 2702177
3 3 3 1644913
3 3 4 0
3 3 5 1580579
3 3 6 9919993
3 3 7 5115358
3 3 8 4830171
3 3 9 4324514
3 3 10 2800400
3 3 11 0
3 3 12 0
3 3 13 0
3 3 14 3479817
3 3 15 4218067
3 4 0 6598969
3 4 1 12881407
3 4 2 4306149
3 4 3 2361774
3 4 4 0
3 4 5 1267908
3 4 6 5723080
3 4 7 0
3 4 8 3423631
3 4 9 61170
3 4 10 6009363
3 4 11 0
3 4 12 0
3 4 13 0
3 4 14 5459095
3 4 15 5026042
3 5 0 609565
3 5 1 12438328
3 5 2 4640465
3 5 3 3384207
3 5 4 0
3 5 5 0
3 5 6 0
3 5 7 0
3 5 8 778069
3 5 9 229172
3 5 10 3752277
3 5 11 0
3 5 12 0
3 5 13 4577467
3 5 14 7618480
3 5 15 3172491
3 6 0 0
3 6 1 8107176
3 6 2 3680526
3 6 3 3309696
3 6 4 0
3 6 5 0
3 6 6 0
3 6 7 0
3 6 8 2686930
3 6 9 3162396
3 6 10 3304894
3 6 11 0
3 6 12 0
3 6 13 9639741
3 6 14 5323477
3 6 15 3678709
3 7 0 0
3 7 1 5427787
3 7 2 2905247
3 7 3 3428734
3 7 4 0
3 7 5 0
3 7 6 0
3 7 7 0
3 7 8 3148358
3 7 9 4833101
3 7 10 3307359
3 7 11 0
3 7 12 0
3 7 13 10471674
3 7 14 3939592
3 7 15 3297660
3 8 0 0
3 8 1 5488840
3 8 2 2430595
3 8 3 3151423
3 8 4 0
3 8 5 1113501
3 8 6 0
3 8 7 0
3 8 8 3615626
3 8 9 4451369
3 8 10 3161228
3 8 11 0
3 8 12 0
3 8 13 10583395
3 8 14 3475199
3 8 15 4828394
3 9 0 0
3 9 1 4876006
3 9 2 3512986
3 9 3 2610651
3 9 4 0
3 9 5 0
3 9 6 0
3 9 7 0
3 9 8 2577076
3 9 9 4827384
3 9 10 2964976
3 9 11 0
3 9 12 0
3 9 13 10769158
3 9 14 3878215
3 9 15 2508777
3 10 0 0
3 10 1 2221982
3 10 2 1816478
3 10 3 1110067
3 10 4 0
3 10 5 1075669
3 10 6 0
3 10 7 0
3 10 8 3584344
3 10 9 3072492
3 10 10 1675140
3 10 11 0
3 10 12 0
3 10 13 10023494
3 10 14 1732328
3 10 15 3098474
3 11 0 0
3 11 1 0
3 11 2 287433
3 11 3 1140547
3 11 4 0
3 11 5 2366570
3 11 6 0
3 11 7 0
3 11 8 542602
3 11 9 830618
3 11 10 0
3 11 11 1461368
3 11 12 0
3 11 13 4513585
3 11 14 214540
3 11 15 2379065
3 12 0 0
3 12 1 0
3 12 2 141948
3 12 3 0
3 12 4 0
3 12 5 845581
3 12 6 0
3 12 7 0
3 12 8 689301
3 12 9 38897
3 12 10 0
3 12 11 125006
3 12 12 0
3 12 13 308333
3 12 14 0
3 12 15 505863
3 13 0 0
3 13 1 0
3 13 2 395806
3 13 3 0
3 13 4 0
3 13 5 113566
3 13 6 308011
3 13 7 752969
3 13 8 396790
3 13 9 0
3 13 10 17820
3 13 11 0
3 13 12 0
3 13 13 0
3 13 14 0
3 13 15 0
4 0 0 569111
4 0 1 7142
4 0 2 5033
4 0 3 0
4 0 4 3319
4 0 5 1295
4 0 6 0
4 0 7 0
4 0 8 336
4 0 9 667
4 0 10 0
4 0 11 0
4 0 12 307
4 0 13 9370
4 0 14 8234
4 0 15 7250
4 1 0 3272
4 1 1 0
4 1 2 528897
4 1 3 0
4 1 4 675414
4 1 5 110753
4 1 6 0
4 1 7 2033194
4 1 8 1154032
4 1 9 899284
4 1 10 0
4 1 11 0
4 1 12 0
4 1 13 0
4 1 14 0
4 1 15 816667
4 2 0 0
4 2 1 0
4 2 2 1914552
4 2 3 0
4 2 4 3661507
4 2 5 1259771
4 2 6 0
4 2 7 8985121
4 2 8 3575224
4 2 9 21576
4 2 10 0
4 2 11 0
4 2 12 0
4 2 13 0
4 2 14 0
4 2 15 2905379
4 3 0 1668275
4 3 1 0
4 3 2 2866977
4 3 3 0
4 3 4 8988127
4 3 5 4816424
4 3 6 2095756
4 3 7 3972858
4 3 8 4030001
4 3 9 0
4 3 10 0
4 3 11 0
4 3 12 195638
4 3 13 0
4 3 14 0
4 3 15 3137116
4 4 0 7782768
4 4 1 4375719
4 4 2 1147852
4 4 3 0
4 4 4 11346914
4 4 5 3533556
4 4 6 8423421
4 4 7 0
4 4 8 1455091
4 4 9 0
4 4 10 927564
4 4 11 826977
4 4 12 0
4 4 13 0
4 4 14 3393153
4 4 15 2261241
4 5 0 10052182
4 5 1 11942627
4 5 2 2111764
4 5 3 0
4 5 4 7208169
4 5 5 1137200
4 5 6 8390234
4 5 7 0
4 5 8 1300334
4 5 9 0
4 5 10 0
4 5 11 0
4 5 12 303892
4 5 13 0
4 5 14 9083543
4 5 15 2026267
4 6 0 8816025
4 6 1 14859394
4 6 2 3836866
4 6 3 420770
4 6 4 830695
4 6 5 1557459
4 6 6 6185361
4 6 7 0
4 6 8 1200493
4 6 9 0
4 6 10 0
4 6 11 0
4 6 12 222463
4 6 13 0
4 6 14 7287449
4 6 15 3607717
4 7 0 5655658
4 7 1 15975260
4 7 2 3992177
4 7 3 1154232
4 7 4 0
4 7 5 1124166
4 7 6 5447126
4 7 7 0
4 7 8 666876
4 7 9 0
4 7 10 0
4 7 11 0
4 7 12 776739
4 7 13 0
4 7 14 5540609
4 7 15 4474600
4 8 0 4074886
4 8 1 15870967
4 8 2 4023892
4 8 3 0
4 8 4 0
4 8 5 3617082
4 8 6 2101216
4 8 7 0
4 8 8 1064816
4 8 9 0
4 8 10 791008
4 8 11 0
4 8 12 0
4 8 13 0
4 8 14 4721896
4 8 15 6673560
4 9 0 4830182
4 9 1 16617290
4 9 2 5832556
4 9 3 0
4 9 4 0
4 9 5 0
4 9 6 10154196
4 9 7 0
4 9 8 2056670
4 9 9 0
4 9 10 820065
4 9 11 0
4 9 12 0
4 9 13 0
4 9 14 6121759
4 9 15 2457054
4 10 0 5556938
4 10 1 12049245
4 10 2 5173049
4 10 3 0
4 10 4 0
4 10 5 2672919
4 10 6 2293098
4 10 7 0
4 10 8 3663078
4 10 9 0
4 10 10 5062936
4 10 11 1286791
4 10 12 1759141
4 10 13 0
4 10 14 3752279
4 10 15 3343129
4 11 0 0
4 11 1 5263921
4 11 2 2402485
4 11 3 1210173
4 11 4 0
4 11 5 1348573
4 11 6 0
4 11 7 0
4 11 8 0
4 11 9 0
4 11 10 0
4 11 11 8604089
4 11 12 3283819
4 11 13 0
4 11 14 1261574
4 11 15 2056217
4 12 0 0
4 12 1 401726
4 12 2 397215
4 12 3 0
4 12 4 0
4 12 5 682569
4 12 6 0
4 12 7 0
4 12 8 160478
4 12 9 0
4 12 10 0
4 12 11 1150232
4 12 12 17876
4 12 13 0
4 12 14 0
4 12 15 309254
4 13 0 0
4 13 1 0
4 13 2 395806
4 13 3 0
4 13 4 0
4 13 5 113566
4 13 6 308011
4 13 7 752969
4 13 8 396790
4 13 9 0
4 13 10 17820
4 13 11 0
4 13 12 0
4 13 13 0
4 13 14 0
4 13 15 0
5 0 0 569111
5 0 1 7142
5 0 2 5033
5 0 3 0
5 0 4 3319
5 0 5 1295
5 0 6 0
5 0 7 0
5 0 8 336
5 0 9 667
5 0 10 0
5 0 11 0
5 0 12 307
5 0 13 9370
5 0 14 8234
5 0 15 7250
5 1 0 3272
5 1 1 0
5 1 2 503993
5 1 3 0
5 1 4 385761
5 1 5 10594
5 1 6 0
5 1 7 1358310
5 1 8 740582
5 1 9 0
5 1 10 0
5 1 11 0
5 1 12 0
5 1 13 345612
5 1 14 0
5 1 15 0
5 2 0 0
5 2 1 0
5 2 2 1946918
5 2 3 0
5 2 4 3243171
5 2 5 461439
5 2 6 0
5 2 7 3479896
5 2 8 2441524
5 2 9 0
5 2 10 0
5 2 11 0
5 2 12 1035312
5 2 13 3474122
5 2 14 0
5 2 15 0
5 3 0 0
5 3 1 0
5 3 2 2544276
5 3 3 0
5 3 4 7853616
5 3 5 1265690
5 3 6 0
5 3 7 0
5 3 8 2680235
5 3 9 0
5 3 10 0
5 3 11 2824644
5 3 12 2823839
5 3 13 8405351
5 3 14 0
5 3 15 0
5 4 0 3920526
5 4 1 0
5 4 2 309377
5 4 3 0
5 4 4 14027993
5 4 5 1495266
5 4 6 0
5 4 7 0
5 4 8 3803018
5 4 9 1075362
5 4 10 0
5 4 11 1109287
5 4 12 1480362
5 4 13 10191973
5 4 14 0
5 4 15 0
5 5 0 6132072
5 5 1 0
5 5 2 664914
5 5 3 0
5 5 4 17354165
5 5 5 1854696
5 5 6 0
5 5 7 0
5 5 8 3973473
5 5 9 0
5 5 10 0
5 5 11 0
5 5 12 2605844
5 5 13 7808744
5 5 14 0
5 5 15 0
5 6 0 6430473
5 6 1 0
5 6 2 1559635
5 6 3 0
5 6 4 19959418
5 6 5 2131045
5 6 6 0
5 6 7 0
5 6 8 3014929
5 6 9 168156
5 6 10 0
5 6 11 808
5 6 12 2878587
5 6 13 5152216
5 6 14 0
5 6 15 0
5 7 0 5908057
5 7 1 0
5 7 2 2011017
5 7 3 0
5 7 4 18439840
5 7 5 3240120
5 7 6 0
5 7 7 0
5 7 8 3438758
5 7 9 277535
5 7 10 0
5 7 11 3101452
5 7 12 248616
5 7 13 3910403
5 7 14 0
5 7 15 0
5 8 0 7078848
5 8 1 0
5 8 2 4058831
5 8 3 0
5 8 4 13163058
5 8 5 459157
5 8 6 0
5 8 7 2253387
5 8 8 5513134
5 8 9 6525007
5 8 10 0
5 8 11 0
5 8 12 0
5 8 13 1970304
5 8 14 0
5 8 15 0
5 9 0 8771604
5 9 1 0
5 9 2 5625654
5 9 3 0
5 9 4 2698919
5 9 5 3112205
5 9 6 5440879
5 9 7 0
5 9 8 11191575
5 9 9 6389212
5 9 10 0
5 9 11 0
5 9 12 0
5 9 13 447578
5 9 14 0
5 9 15 504588
5 10 0 6836890
5 10 1 0
5 10 2 3048942
5 10 3 0
5 10 4 0
5 10 5 5439848
5 10 6 3994019
5 10 7 0
5 10 8 4401306
5 10 9 0
5 10 10 6591970
5 10 11 8546408
5 10 12 4725705
5 10 13 0
5 10 14 1670873
5 10 15 299891
5 11 0 0
5 11 1 394464
5 11 2 984123
5 11 3 0
5 11 4 1218967
5 11 5 0
5 11 6 0
5 11 7 0
5 11 8 0
5 11 9 0
5 11 10 0
5 11 11 8857210
5 11 12 3372816
5 11 13 0
5 11 14 3440823
5 11 15 0
5 12 0 0
5 12 1 0
5 12 2 81222
5 12 3 0
5 12 4 557271
5 12 5 106133
5 12 6 0
5 12 7 0
5 12 8 268328
5 12 9 400218
5 12 10 78779
5 12 11 868810
5 12 12 0
5 12 13 0
5 12 14 73749
5 12 15 0
5 13 0 0
5 13 1 0
5 13 2 395806
5 13 3 0
5 13 4 0
5 13 5 113566
5 13 6 308011
5 13 7 752969
5 13 8 396790
5 13 9 0
5 13 10 17820
5 13 11 0
5 13 12 0
5 13 13 0
5 13 14 0
5 13 15 0
6 0 0 569111
6 0 1 7142
6 0 2 5033
6 0 3 0
6 0 4 3319
6 0 5 1295
6 0 6 0
6 0 7 0
6 0 8 336
6 0 9 667
6 0 10 0
6 0 11 0
6 0 12 307
6 0 13 9370
6 0 14 8234
6 0 15 7250
6 1 0 3272
6 1 1 0
6 1 2 134176
6 1 3 0
6 1 4 52472
6 1 5 0
6 1 6 0
6 1 7 199575
6 1 8 113139
6 1 9 0
6 1 10 41931
6 1 11 0
6 1 12 25539
6 1 13 77808
6 1 14 117769
6 1 15 0
6 2 0 0
6 2 1 0
6 2 2 379897
6 2 3 0
6 2 4 171048
6 2 5 69862
6 2 6 0
6 2 7 365765
6 2 8 335820
6 2 9 0
6 2 10 11496
6 2 11 0
6 2 12 0
6 2 13 407344
6 2 14 278558
6 2 15 0
6 3 0 0
6 3 1 0
6 3 2 384963
6 3 3 0
6 3 4 320004
6 3 5 403577
6 3 6 0
6 3 7 0
6 3 8 627963
6 3 9 0
6 3 10 0
6 3 11 0
6 3 12 0
6 3 13 1138636
6 3 14 13585
6 3 15 0
6 4 0 534829
6 4 1 0
6 4 2 272941
6 4 3 0
6 4 4 684567
6 4 5 840432
6 4 6 0
6 4 7 0
6 4 8 935827
6 4 9 45397
6 4 10 0
6 4 11 0
6 4 12 180689
6 4 13 2534019
6 4 14 0
6 4 15 0
6 5 0 902751
6 5 1 0
6 5 2 655443
6 5 3 0
6 5 4 1347458
6 5 5 961735
6 5 6 0
6 5 7 0
6 5 8 1256689
6 5 9 0
6 5 10 0
6 5 11 211048
6 5 12 818119
6 5 13 3895073
6 5 14 0
6 5 15 0
6 6 0 1914760
6 6 1 0
6 6 2 214593
6 6 3 0
6 6 4 1738832
6 6 5 2199235
6 6 6 0
6 6 7 0
6 6 8 1785711
6 6 9 0
6 6 10 0
6 6 11 1993631
6 6 12 0
6 6 13 5178911
6 6 14 0
6 6 15 0
6 7 0 3141211
6 7 1 0
6 7 2 1507824
6 7 3 0
6 7 4 0
6 7 5 884090
6 7 6 0
6 7 7 7019176
6 7 8 3612606
6 7 9 3525414
6 7 10 0
6 7 11 0
6 7 12 0
6 7 13 3570791
6 7 14 0
6 7 15 852065
6 8 0 5007334
6 8 1 0
6 8 2 5916056
6 8 3 0
6 8 4 0
6 8 5 0
6 8 6 0
6 8 7 9925494
6 8 8 10569338
6 8 9 7174584
6 8 10 0
6 8 11 0
6 8 12 0
6 8 13 1570954
6 8 14 0
6 8 15 0
6 9 0 4127074
6 9 1 0
6 9 2 7298782
6 9 3 0
6 9 4 0
6 9 5 6816720
6 9 6 1634764
6 9 7 0
6 9 8 11191112
6 9 9 0
6 9 10 2348764
6 9 11 0
6 9 12 4965383
6 9 13 0
6 9 14 0
6 9 15 3303808
6 10 0 0
6 10 1 0
6 10 2 2224667
6 10 3 561421
6 10 4 0
6 10 5 2810844
6 10 6 2304115
6 10 7 0
6 10 8 0
6 10 9 0
6 10 10 8885848
6 10 11 16784033
6 10 12 6656087
6 10 13 0
6 10 14 0
6 10 15 0
6 11 0 0
6 11 1 0
6 11 2 0
6 11 3 0
6 11 4 2397470
6 11 5 0
6 11 6 0
6 11 7 0
6 11 8 599764
6 11 9 0
6 11 10 132291
6 11 11 4317311
6 11 12 1396719
6 11 13 0
6 11 14 2221185
6 11 15 0
6 12 0 0
6 12 1 0
6 12 2 0
6 12 3 0
6 12 4 30142
6 12 5 227670
6 12 6 0
6 12 7 554133
6 12 8 589256
6 12 9 213945
6 12 10 100565
6 12 11 242234
6 12 12 0
6 12 13 0
6 12 14 0
6 12 15 0
6 13 0 0
6 13 1 0
6 13 2 395806
6 13 3 0
6 13 4 0
6 13 5 113566
6 13 6 308011
6 13 7 752969
6 13 8 396790
6 13 9 0
6 13 10 17820
6 13 11 0
6 13 12 0
6 13 13 0
6 13 14 0
6 13 15 0
7 0 0 569111
7 0 1 7142
7 0 2 5033
7 0 3 0
7 0 4 3319
7 0 5 1295
7 0 6 0
7 0 7 0
7 0 8 336
7 0 9 667
7 0 10 0
7 0 11 0
7 0 12 307
7 0 13 9370
7 0 14 8234
7 0 15 7250
7 1 0 3272
7 1 1 8966
7 1 2 7921
7 1 3 0
7 1 4 2445
7 1 5 4715
7 1 6 0
7 1 7 0
7 1 8 2464
7 1 9 2605
7 1 10 0
7 1 11 0
7 1 12 2169
7 1 13 15792
7 1 14 12718
7 1 15 7478
7 2 0 3614
7 2 1 8966
7 2 2 7921
7 2 3 0
7 2 4 2445
7 2 5 4715
7 2 6 0
7 2 7 0
7 2 8 2464
7 2 9 2605
7 2 10 0
7 2 11 0
7 2 12 2169
7 2 13 15792
7 2 14 12718
7 2 15 7478
7 3 0 3614
7 3 1 8966
7 3 2 7921
7 3 3 0
7 3 4 2445
7 3 5 4715
7 3 6 0
7 3 7 0
7 3 8 2464
7 3 9 2605
7 3 10 0
7 3 11 0
7 3 12 2169
7 3 13 15792
7 3 14 12718
7 3 15 7478
7 4 0 3614
7 4 1 8966
7 4 2 7921
7 4 3 0
7 4 4 2445
7 4 5 4715
7 4 6 0
7 4 7 0
7 4 8 2464
7 4 9 2605
7 4 10 0
7 4 11 0
7 4 12 2169
7 4 13 15792
7 4 14 12718
7 4 15 7478
7 5 0 3614
7 5 1 140000
7 5 2 14965
7 5 3 0
7 5 4 0
7 5 5 191692
7 5 6 25433
7 5 7 146004
7 5 8 29102
7 5 9 0
7 5 10 0
7 5 11 152824
7 5 12 0
7 5 13 0
7 5 14 34362
7 5 15 146317
7 6 0 178175
7 6 1 95462
7 6 2 0
7 6 3 0
7 6 4 0
7 6 5 1983125
7 6 6 0
7 6 7 4323706
7 6 8 1014769
7 6 9 1124957
7 6 10 627029
7 6 11 993448
7 6 12 0
7 6 13 0
7 6 14 0
7 6 15 2529256
7 7 0 1333203
7 7 1 0
7 7 2 3239933
7 7 3 0
7 7 4 0
7 7 5 0
7 7 6 0
7 7 7 15912390
7 7 8 6360827
7 7 9 5295720
7 7 10 0
7 7 11 0
7 7 12 0
7 7 13 0
7 7 14 0
7 7 15 2424045
7 8 0 2023966
7 8 1 0
7 8 2 7775920
7 8 3 0
7 8 4 0
7 8 5 3894263
7 8 6 0
7 8 7 4435649
7 8 8 12942782
7 8 9 0
7 8 10 0
7 8 11 0
7 8 12 0
7 8 13 0
7 8 14 0
7 8 15 3031176
7 9 0 646983
7 9 1 0
7 9 2 6980201
7 9 3 0
7 9 4 0
7 9 5 4987884
7 9 6 1798048
7 9 7 0
7 9 8 4751205
7 9 9 0
7 9 10 9485300
7 9 11 13685732
7 9 12 6910320
7 9 13 0
7 9 14 0
7 9 15 1513132
7 10 0 0
7 10 1 0
7 10 2 1277548
7 10 3 0
7 10 4 1900500
7 10 5 0
7 10 6 0
7 10 7 0
7 10 8 0
7 10 9 0
7 10 10 4710301
7 10 11 13699416
7 10 12 3492232
7 10 13 1868637
7 10 14 1182953
7 10 15 0
7 11 0 204486
7 11 1 0
7 11 2 0
7 11 3 0
7 11 4 1992320
7 11 5 0
7 11 6 0
7 11 7 0
7 11 8 960720
7 11 9 660075
7 11 10 103894
7 11 11 767021
7 11 12 0
7 11 13 517889
7 11 14 1237015
7 11 15 0
7 12 0 84690
7 12 1 0
7 12 2 96822
7 12 3 0
7 12 4 0
7 12 5 312344
7 12 6 0
7 12 7 650407
7 12 8 396410
7 12 9 20997
7 12 10 63895
7 12 11 102566
7 12 12 0
7 12 13 0
7 12 14 0
7 12 15 130674
7 13 0 0
7 13 1 0
7 13 2 395806
7 13 3 0
7 13 4 0
7 13 5 113566
7 13 6 308011
7 13 7 752969
7 13 8 396790
7 13 9 0
7 13 10 17820
7 13 11 0
7 13 12 0
7 13 13 0
7 13 14 0
7 13 15 0
8 0 0 569111
8 0 1 7142
8 0 2 5033
8 0 3 0
8 0 4 3319
8 0 5 1295
8 0 6 0
8 0 7 0
8 0 8 336
8 0 9 667
8 0 10 0
8 0 11 0
8 0 12 307
8 0 13 9370
8 0 14 8234
8 0 15 7250
8 1 0 3272
8 1 1 8966
8 1 2 7921
8 1 3 0
8 1 4 2445
8 1 5 4715
8 1 6 0
8 1 7 0
8 1 8 2464
8 1 9 2605
8 1 10 0
8 1 11 0
8 1 12 2169
8 1 13 15792
8 1 14 12718
8 1 15 7478
8 2 0 3614
8 2 1 8966
8 2 2 7921
8 2 3 0
8 2 4 2445
8 2 5 4715
8 2 6 0
8 2 7 0
8 2 8 2464
8 2 9 2605
8 2 10 0
8 2 11 0
8 2 12 2169
8 2 13 15792
8 2 14 12718
8 2 15 7478
8 3 0 3614
8 3 1 8966
8 3 2 7921
8 3 3 0
8 3 4 2445
8 3 5 4715
8 3 6 0
8 3 7 0
8 3 8 2464
8 3 9 2605
8 3 10 0
8 3 11 0
8 3 12 2169
8 3 13 15792
8 3 14 12718
8 3 15 7478
8 4 0 3614
8 4 1 10266
8 4 2 9321
8 4 3 0
8 4 4 2145
8 4 5 4665
8 4 6 0
8 4 7 0
8 4 8 2214
8 4 9 3355
8 4 10 148
8 4 11 0
8 4 12 0
8 4 13 19292
8 4 14 14068
8 4 15 9028
8 5 0 4714
8 5 1 755883
8 5 2 0
8 5 3 0
8 5 4 0
8 5 5 2098417
8 5 6 0
8 5 7 2266575
8 5 8 900297
8 5 9 3440
8 5 10 109030
8 5 11 1750590
8 5 12 0
8 5 13 49521
8 5 14 0
8 5 15 2040221
8 6 0 845343
8 6 1 0
8 6 2 2180668
8 6 3 0
8 6 4 0
8 6 5 0
8 6 6 0
8 6 7 10779092
8 6 8 2736144
8 6 9 4776383
8 6 10 940900
8 6 11 0
8 6 12 0
8 6 13 0
8 6 14 0
8 6 15 2036605
8 7 0 2520846
8 7 1 0
8 7 2 6836491
8 7 3 0
8 7 4 0
8 7 5 0
8 7 6 0
8 7 7 10854105
8 7 8 11452877
8 7 9 5345480
8 7 10 0
8 7 11 0
8 7 12 0
8 7 13 0
8 7 14 0
8 7 15 1835894
8 8 0 0
8 8 1 0
8 8 2 8093692
8 8 3 98003
8 8 4 0
8 8 5 6350178
8 8 6 0
8 8 7 0
8 8 8 9453360
8 8 9 0
8 8 10 3208899
8 8 11 0
8 8 12 5316028
8 8 13 0
8 8 14 0
8 8 15 4299975
8 9 0 0
8 9 1 0
8 9 2 2188251
8 9 3 0
8 9 4 1368500
8 9 5 2337018
8 9 6 1477050
8 9 7 0
8 9 8 45397
8 9 9 0
8 9 10 8125553
8 9 11 16647714
8 9 12 5804758
8 9 13 0
8 9 14 0
8 9 15 0
8 10 0 0
8 10 1 0
8 10 2 0
8 10 3 0
8 10 4 3427176
8 10 5 0
8 10 6 0
8 10 7 0
8 10 8 343441
8 10 9 618159
8 10 10 0
8 10 11 4128695
8 10 12 1293054
8 10 13 0
8 10 14 2281922
8 10 15 0
8 11 0 526951
8 11 1 0
8 11 2 0
8 11 3 0
8 11 4 383795
8 11 5 0
8 11 6 0
8 11 7 0
8 11 8 259094
8 11 9 292660
8 11 10 80793
8 11 11 177382
8 11 12 0
8 11 13 326827
8 11 14 87728
8 11 15 0
8 12 0 43759
8 12 1 0
8 12 2 96822
8 12 3 0
8 12 4 0
8 12 5 312344
8 12 6 0
8 12 7 650407
8 12 8 396410
8 12 9 20997
8 12 10 63895
8 12 11 102566
8 12 12 0
8 12 13 0
8 12 14 0
8 12 15 130674
8 13 0 0
8 13 1 0
8 13 2 395806
8 13 3 0
8 13 4 0
8 13 5 113566
8 13 6 308011
8 13 7 752969
8 13 8 396790
8 13 9 0
8 13 10 17820
8 13 11 0
8 13 12 0
8 13 13 0
8 13 14 0
8 13 15 0
9 0 0 569111
9 0 1 7142
9 0 2 5033
9 0 3 0
9 0 4 3319
9 0 5 1295
9 0 6 0
9 0 7 0
9 0 8 336
9 0 9 667
9 0 10 0
9 0 11 0
9 0 12 307
9 0 13 9370
9 0 14 8234
9 0 15 7250
9 1 0 3272
9 1 1 8966
9 1 2 7921
9 1 3 0
9 1 4 2445
9 1 5 4715
9 1 6 0
9 1 7 0
9 1 8 2464
9 1 9 2605
9 1 10 0
9 1 11 0
9 1 12 2169
9 1 13 15792
9 1 14 12718
9 1 15 7478
9 2 0 3614
9 2 1 8966
9 2 2 7921
9 2 3 0
9 2 4 2445
9 2 5 4715
9 2 6 0
9 2 7 0
9 2 8 2464
9 2 9 2605
9 2 10 0
9 2 11 0
9 2 12 2169
9 2 13 15792
9 2 14 12718
9 2 15 7478
9 3 0 3614
9 3 1 8966
9 3 2 7921
9 3 3 0
9 3 4 2445
9 3 5 4715
9 3 6 0
9 3 7 0
9 3 8 2464
9 3 9 2605
9 3 10 0
9 3 11 0
9 3 12 2169
9 3 13 15792
9 3 14 12718
9 3 15 7478
9 4 0 3614
9 4 1 703806
9 4 2 104630
9 4 3 0
9 4 4 0
9 4 5 716803
9 4 6 23324
9 4 7 946096
9 4 8 0
9 4 9 0
9 4 10 20926
9 4 11 594346
9 4 12 0
9 4 13 219934
9 4 14 161099
9 4 15 680249
9 5 0 751015
9 5 1 3398
9 5 2 1166654
9 5 3 0
9 5 4 0
9 5 5 737394
9 5 6 0
9 5 7 7522058
9 5 8 1576896
9 5 9 2444596
9 5 10 1359600
9 5 11 0
9 5 12 0
9 5 13 0
9 5 14 0
9 5 15 2393568
9 6 0 1844449
9 6 1 0
9 6 2 4896113
9 6 3 0
9 6 4 0
9 6 5 0
9 6 6 0
9 6 7 13353479
9 6 8 7679508
9 6 9 7218671
9 6 10 0
9 6 11 0
9 6 12 0
9 6 13 0
9 6 14 0
9 6 15 1839007
9 7 0 1003910
9 7 1 0
9 7 2 7302157
9 7 3 0
9 7 4 0
9 7 5 5655944
9 7 6 0
9 7 7 0
9 7 8 13025320
9 7 9 0
9 7 10 1256143
9 7 11 0
9 7 12 369048
9 7 13 0
9 7 14 0
9 7 15 4532878
9 8 0 0
9 8 1 0
9 8 2 6355021
9 8 3 495610
9 8 4 0
9 8 5 4274677
9 8 6 0
9 8 7 0
9 8 8 1931404
9 8 9 0
9 8 10 8070834
9 8 11 16419685
9 8 12 8331182
9 8 13 0
9 8 14 0
9 8 15 1409096
9 9 0 0
9 9 1 0
9 9 2 1162934
9 9 3 0
9 9 4 1813813
9 9 5 0
9 9 6 0
9 9 7 0
9 9 8 0
9 9 9 0
9 9 10 4350328
9 9 11 12405155
9 9 12 3017545
9 9 13 1597005
9 9 14 916026
9 9 15 0
9 10 0 420353
9 10 1 0
9 10 2 0
9 10 3 0
9 10 4 1705738
9 10 5 0
9 10 6 0
9 10 7 0
9 10 8 927575
9 10 9 704806
9 10 10 55555
9 10 11 647338
9 10 12 0
9 10 13 702100
9 10 14 966245
9 10 15 0
9 11 0 68745
9 11 1 8966
9 11 2 7921
9 11 3 0
9 11 4 2445
9 11 5 4715
9 11 6 0
9 11 7 0
9 11 8 2464
9 11 9 2605
9 11 10 0
9 11 11 0
9 11 12 2169
9 11 13 15792
9 11 14 12718
9 11 15 7478
9 12 0 3614
9 12 1 0
9 12 2 96822
9 12 3 0
9 12 4 0
9 12 5 312344
9 12 6 0
9 12 7 650407
9 12 8 396410
9 12 9 20997
9 12 10 63895
9 12 11 102566
9 12 12 0
9 12 13 0
9 12 14 0
9 12 15 130674
9 13 0 0
9 13 1 0
9 13 2 395806
9 13 3 0
9 13 4 0
9 13 5 113566
9 13 6 308011
9 13 7 752969
9 13 8 396790
9 13 9 0
9 13 10 17820
9 13 11 0
9 13 12 0
9 13 13 0
9 13 14 0
9 13 15 0
10 0 0 569111
10 0 1 7142
10 0 2 5033
10 0 3 0
10 0 4 3319
10 0 5 1295
10 0 6 0
10 0 7 0
10 0 8 336
10 0 9 667
10 0 10 0
10 0 11 0
10 0 12 307
10 0 13 9370
10 0 14 8234
10 0 15 7250
10 1 0 3272
10 1 1 8966
10 1 2 7921
10 1 3 0
10 1 4 2445
10 1 5 4715
10 1 6 0
10 1 7 0
10 1 8 2464
10 1 9 2605
10 1 10 0
10 1 11 0
10 1 12 2169
10 1 13 15792
10 1 14 12718
10 1 15 7478
10 2 0 3614
10 2 1 8966
10 2 2 7921
10 2 3 0
10 2 4 2445
10 2 5 4715
10 2 6 0
10 2 7 0
10 2 8 2464
10 2 9 2605
10 2 10 0
10 2 11 0
10 2 12 2169
10 2 13 15792
10 2 14 12718
10 2 15 7478
10 3 0 3614
10 3 1 102614
10 3 2 22153
10 3 3 0
10 3 4 0
10 3 5 148008
10 3 6 15708
10 3 7 110577
10 3 8 25947
10 3 9 0
10 3 10 0
10 3 11 110095
10 3 12 0
10 3 13 0
10 3 14 28489
10 3 15 108945
10 4 0 134608
10 4 1 586681
10 4 2 0
10 4 3 0
10 4 4 0
10 4 5 2207147
10 4 6 0
10 4 7 3979392
10 4 8 1030861
10 4 9 879852
10 4 10 509773
10 4 11 1157560
10 4 12 0
10 4 13 0
10 4 14 0
10 4 15 2611388
10 5 0 1455245
10 5 1 0
10 5 2 3707201
10 5 3 0
10 5 4 0
10 5 5 0
10 5 6 0
10 5 7 14664778
10 5 8 4849380
10 5 9 6085288
10 5 10 279091
10 5 11 0
10 5 12 0
10 5 13 0
10 5 14 0
10 5 15 2209205
10 6 0 2351506
10 6 1 0
10 6 2 7468040
10 6 3 0
10 6 4 0
10 6 5 1939016
10 6 6 0
10 6 7 6423930
10 6 8 13026320
10 6 9 2760928
10 6 10 0
10 6 11 0
10 6 12 0
10 6 13 0
10 6 14 0
10 6 15 3787725
10 7 0 0
10 7 1 0
10 7 2 7500925
10 7 3 0
10 7 4 0
10 7 5 6056952
10 7 6 0
10 7 7 0
10 7 8 6391622
10 7 9 0
10 7 10 5781902
10 7 11 8323975
10 7 12 7488308
10 7 13 0
10 7 14 0
10 7 15 3967721
10 8 0 0
10 8 1 0
10 8 2 1936218
10 8 3 0
10 8 4 2429216
10 8 5 440720
10 8 6 0
10 8 7 0
10 8 8 0
10 8 9 0
10 8 10 4709140
10 8 11 17155356
10 8 12 6289200
10 8 13 0
10 8 14 421236
10 8 15 0
10 9 0 0
10 9 1 0
10 9 2 0
10 9 3 0
10 9 4 3637741
10 9 5 0
10 9 6 0
10 9 7 0
10 9 8 398945
10 9 9 959929
10 9 10 0
10 9 11 3206108
10 9 12 874602
10 9 13 0
10 9 14 2292842
10 9 15 0
10 10 0 694317
10 10 1 0
10 10 2 0
10 10 3 0
10 10 4 200337
10 10 5 0
10 10 6 0
10 10 7 0
10 10 8 155140
10 10 9 173051
10 10 10 47730
10 10 11 110175
10 10 12 0
10 10 13 181702
10 10 14 42002
10 10 15 0
10 11 0 1520
10 11 1 8966
10 11 2 7921
10 11 3 0
10 11 4 2445
10 11 5 4715
10 11 6 0
10 11 7 0
10 11 8 2464
10 11 9 2605
10 11 10 0
10 11 11 0
10 11 12 2169
10 11 13 15792
10 11 14 12718
10 11 15 7478
10 12 0 3614
10 12 1 0
10 12 2 96822
10 12 3 0
10 12 4 0
10 12 5 312344
10 12 6 0
10 12 7 650407
10 12 8 396410
10 12 9 20997
10 12 10 63895
10 12 11 102566
10 12 12 0
10 12 13 0
10 12 14 0
10 12 15 130674
10 13 0 0
10 13 1 0
10 13 2 395806
10 13 3 0
10 13 4 0
10 13 5 113566
10 13 6 308011
10 13 7 752969
10 13 8 396790
10 13 9 0
10 13 10 17820
10 13 11 0
10 13 12 0
10 13 13 0
10 13 14 0
10 13 15 0
11 0 0 569111
11 0 1 7142
11 0 2 5033
11 0 3 0
11 0 4 3319
11 0 5 1295
11 0 6 0
11 0 7 0
11 0 8 336
11 0 9 667
11 0 10 0
11 0 11 0
11 0 12 307
11 0 13 9370
11 0 14 8234
11 0 15 7250
11 1 0 3272
11 1 1 8966
11 1 2 7921
11 1 3 0
11 1 4 2445
11 1 5 4715
11 1 6 0
11 1 7 0
11 1 8 2464
11 1 9 2605
11 1 10 0
11 1 11 0
11 1 12 2169
11 1 13 15792
11 1 14 12718
11 1 15 7478
11 2 0 3614
11 2 1 8966
11 2 2 7921
11 2 3 0
11 2 4 2445
11 2 5 4715
11 2 6 0
11 2 7 0
11 2 8 2464
11 2 9 2605
11 2 10 0
11 2 11 0
11 2 12 2169
11 2 13 15792
11 2 14 12718
11 2 15 7478
11 3 0 3614
11 3 1 244296
11 3 2 0
11 3 3 0
11 3 4 0
11 3 5 949364
11 3 6 0
11 3 7 870402
11 3 8 429644
11 3 9 0
11 3 10 0
11 3 11 858637
11 3 12 0
11 3 13 0
11 3 14 0
11 3 15 789730
11 4 0 439259
11 4 1 0
11 4 2 1466409
11 4 3 0
11 4 4 0
11 4 5 576191
11 4 6 0
11 4 7 9272819
11 4 8 1671983
11 4 9 2835999
11 4 10 758020
11 4 11 0
11 4 12 0
11 4 13 0
11 4 14 0
11 4 15 2874032
11 5 0 2380328
11 5 1 0
11 5 2 6456260
11 5 3 0
11 5 4 0
11 5 5 0
11 5 6 0
11 5 7 16441347
11 5 8 8755346
11 5 9 5182550
11 5 10 0
11 5 11 0
11 5 12 0
11 5 13 0
11 5 14 0
11 5 15 1579582
11 6 0 3912301
11 6 1 0
11 6 2 9409646
11 6 3 0
11 6 4 0
11 6 5 4062230
11 6 6 527682
11 6 7 0
11 6 8 10709417
11 6 9 0
11 6 10 3539054
11 6 11 0
11 6 12 3573691
11 6 13 0
11 6 14 0
11 6 15 3469709
11 7 0 0
11 7 1 0
11 7 2 4063484
11 7 3 351377
11 7 4 0
11 7 5 3013515
11 7 6 0
11 7 7 0
11 7 8 893742
11 7 9 0
11 7 10 9032560
11 7 11 19399158
11 7 12 7607017
11 7 13 0
11 7 14 0
11 7 15 376712
11 8 0 0
11 8 1 0
11 8 2 291879
11 8 3 0
11 8 4 2143804
11 8 5 0
11 8 6 0
11 8 7 0
11 8 8 876
11 8 9 740882
11 8 10 937980
11 8 11 8864084
11 8 12 2494733
11 8 13 1242696
11 8 14 2022643
11 8 15 0
11 9 0 0
11 9 1 0
11 9 2 0
11 9 3 0
11 9 4 1345570
11 9 5 0
11 9 6 0
11 9 7 0
11 9 8 837877
11 9 9 711236
11 9 10 410
11 9 11 293557
11 9 12 0
11 9 13 808006
11 9 14 759628
11 9 15 0
11 10 0 170011
11 10 1 8966
11 10 2 7921
11 10 3 0
11 10 4 2445
11 10 5 4715
11 10 6 0
11 10 7 0
11 10 8 2464
11 10 9 2605
11 10 10 0
11 10 11 0
11 10 12 2169
11 10 13 15792
11 10 14 12718
11 10 15 7478
11 11 0 3614
11 11 1 8966
11 11 2 7921
11 11 3 0
11 11 4 2445
11 11 5 4715
11 11 6 0
11 11 7 0
11 11 8 2464
11 11 9 2605
11 11 10 0
11 11 11 0
11 11 12 2169
11 11 13 15792
11 11 14 12718
11 11 15 7478
11 12 0 3614
11 12 1 0
11 12 2 96822
11 12 3 0
11 12 4 0
11 12 5 312344
11 12 6 0
11 12 7 650407
11 12 8 396410
11 12 9 20997
11 12 10 63895
11 12 11 102566
11 12 12 0
11 12 13 0
11 12 14 0
11 12 15 130674
11 13 0 0
11 13 1 0
11 13 2 395806
11 13 3 0
11 13 4 0
11 13 5 113566
11 13 6 308011
11 13 7 752969
11 13 8 396790
11 13 9 0
11 13 10 17820
11 13 11 0
11 13 12 0
11 13 13 0
11 13 14 0
11 13 15 0
12 0 0 569111
12 0 1 13602
12 0 2 27320
12 0 3 0
12 0 4 0
12 0 5 42183
12 0 6 0
12 0 7 31653
12 0 8 42060
12 0 9 88333
12 0 10 4197
12 0 11 0
12 0 12 0
12 0 13 70835
12 0 14 1717
12 0 15 79887
12 1 0 6768
12 1 1 0
12 1 2 44078
12 1 3 0
12 1 4 0
12 1 5 100684
12 1 6 0
12 1 7 0
12 1 8 104760
12 1 9 126751
12 1 10 0
12 1 11 0
12 1 12 0
12 1 13 106745
12 1 14 0
12 1 15 104473
12 2 0 0
12 2 1 0
12 2 2 43261
12 2 3 0
12 2 4 0
12 2 5 99981
12 2 6 0
12 2 7 0
12 2 8 104152
12 2 9 126903
12 2 10 0
12 2 11 0
12 2 12 0
12 2 13 105928
12 2 14 0
12 2 15 103580
12 3 0 0
12 3 1 0
12 3 2 50053
12 3 3 0
12 3 4 0
12 3 5 769948
12 3 6 0
12 3 7 1401545
12 3 8 766332
12 3 9 891975
12 3 10 182079
12 3 11 75355
12 3 12 0
12 3 13 0
12 3 14 0
12 3 15 1059727
12 4 0 197824
12 4 1 0
12 4 2 1614155
12 4 3 0
12 4 4 0
12 4 5 1467468
12 4 6 0
12 4 7 12483074
12 4 8 4816266
12 4 9 2887385
12 4 10 0
12 4 11 0
12 4 12 0
12 4 13 0
12 4 14 0
12 4 15 3679955
12 5 0 1502453
12 5 1 0
12 5 2 6859800
12 5 3 0
12 5 4 0
12 5 5 2283294
12 5 6 0
12 5 7 11799429
12 5 8 9032028
12 5 9 0
12 5 10 0
12 5 11 0
12 5 12 0
12 5 13 0
12 5 14 410024
12 5 15 4009282
12 6 0 5848521
12 6 1 0
12 6 2 8332907
12 6 3 0
12 6 4 0
12 6 5 3989370
12 6 6 6384523
12 6 7 0
12 6 8 4482491
12 6 9 0
12 6 10 8676149
12 6 11 10185279
12 6 12 9290903
12 6 13 0
12 6 14 1635418
12 6 15 2541701
12 7 0 1924397
12 7 1 0
12 7 2 2948105
12 7 3 0
12 7 4 636500
12 7 5 0
12 7 6 0
12 7 7 0
12 7 8 0
12 7 9 0
12 7 10 6489208
12 7 11 16407892
12 7 12 5502605
12 7 13 0
12 7 14 2476685
12 7 15 0
12 8 0 173156
12 8 1 0
12 8 2 0
12 8 3 0
12 8 4 1281904
12 8 5 0
12 8 6 0
12 8 7 0
12 8 8 667649
12 8 9 0
12 8 10 113755
12 8 11 2825967
12 8 12 665889
12 8 13 0
12 8 14 1477443
12 8 15 0
12 9 0 0
12 9 1 0
12 9 2 33295
12 9 3 0
12 9 4 0
12 9 5 119133
12 9 6 0
12 9 7 0
12 9 8 106036
12 9 9 135897
12 9 10 7142
12 9 11 0
12 9 12 0
12 9 13 124393
12 9 14 0
12 9 15 88481
12 10 0 0
12 10 1 0
12 10 2 43261
12 10 3 0
12 10 4 0
12 10 5 99981
12 10 6 0
12 10 7 0
12 10 8 104152
12 10 9 126903
12 10 10 0
12 10 11 0
12 10 12 0
12 10 13 105928
12 10 14 0
12 10 15 103580
12 11 0 0
12 11 1 0
12 11 2 43261
12 11 3 0
12 11 4 0
12 11 5 99981
12 11 6 0
12 11 7 0
12 11 8 104152
12 11 9 126903
12 11 10 0
12 11 11 0
12 11 12 0
12 11 13 105928
12 11 14 0
12 11 15 103580
12 12 0 0
12 12 1 0
12 12 2 140864
12 12 3 0
12 12 4 0
12 12 5 373714
12 12 6 0
12 12 7 616796
12 12 8 477103
12 12 9 148373
12 12 10 86296
12 12 11 0
12 12 12 0
12 12 13 0
12 12 14 0
12 12 15 213818
12 13 0 0
12 13 1 0
12 13 2 404983
12 13 3 0
12 13 4 0
12 13 5 212423
12 13 6 290056
12 13 7 720479
12 13 8 520290
12 13 9 0
12 13 10 473
12 13 11 0
12 13 12 0
12 13 13 0
12 13 14 0
12 13 15 0
13 0 0 505613
13 0 1 11531
13 0 2 70488
13 0 3 0
13 0 4 21407
13 0 5 0
13 0 6 0
13 0 7 50710
13 0 8 56367
13 0 9 39142
13 0 10 28593
13 0 11 0
13 0 12 0
13 0 13 0
13 0 14 19368
13 0 15 48005
13 1 0 0
13 1 1 28118
13 1 2 80634
13 1 3 0
13 1 4 0
13 1 5 13208
13 1 6 0
13 1 7 0
13 1 8 65525
13 1 9 27894
13 1 10 60380
13 1 11 0
13 1 12 23715
13 1 13 0
13 1 14 0
13 1 15 43863
13 2 0 0
13 2 1 27396
13 2 2 80007
13 2 3 0
13 2 4 0
13 2 5 12505
13 2 6 0
13 2 7 0
13 2 8 65088
13 2 9 27533
13 2 10 60342
13 2 11 0
13 2 12 23335
13 2 13 0
13 2 14 0
13 2 15 44262
13 3 0 0
13 3 1 0
13 3 2 685781
13 3 3 0
13 3 4 181057
13 3 5 0
13 3 6 0
13 3 7 1472992
13 3 8 961148
13 3 9 360538
13 3 10 126198
13 3 11 0
13 3 12 0
13 3 13 0
13 3 14 0
13 3 15 32769
13 4 0 0
13 4 1 0
13 4 2 2578319
13 4 3 0
13 4 4 4117433
13 4 5 628182
13 4 6 0
13 4 7 8339624
13 4 8 3712894
13 4 9 0
13 4 10 0
13 4 11 0
13 4 12 0
13 4 13 0
13 4 14 0
13 4 15 1192415
13 5 0 0
13 5 1 0
13 5 2 4778230
13 5 3 0
13 5 4 10930967
13 5 5 3070330
13 5 6 0
13 5 7 2453908
13 5 8 3687320
13 5 9 0
13 5 10 0
13 5 11 0
13 5 12 5641591
13 5 13 0
13 5 14 0
13 5 15 1041220
13 6 0 5919296
13 6 1 0
13 6 2 2692376
13 6 3 0
13 6 4 13503558
13 6 5 927843
13 6 6 5859948
13 6 7 0
13 6 8 66452
13 6 9 0
13 6 10 6176180
13 6 11 12548835
13 6 12 7093895
13 6 13 0
13 6 14 893295
13 6 15 0
13 7 0 6211830
13 7 1 0
13 7 2 371234
13 7 3 0
13 7 4 7579568
13 7 5 0
13 7 6 573883
13 7 7 0
13 7 8 241202
13 7 9 1632750
13 7 10 2248053
13 7 11 7083372
13 7 12 2822908
13 7 13 201691
13 7 14 3626408
13 7 15 0
13 8 0 2500595
13 8 1 0
13 8 2 0
13 8 3 0
13 8 4 1818377
13 8 5 0
13 8 6 0
13 8 7 0
13 8 8 961176
13 8 9 812401
13 8 10 326734
13 8 11 547020
13 8 12 0
13 8 13 454940
13 8 14 994430
13 8 15 0
13 9 0 86459
13 9 1 27396
13 9 2 80007
13 9 3 0
13 9 4 0
13 9 5 12505
13 9 6 0
13 9 7 0
13 9 8 65088
13 9 9 27533
13 9 10 60342
13 9 11 0
13 9 12 23335
13 9 13 0
13 9 14 0
13 9 15 44262
13 10 0 0
13 10 1 27396
13 10 2 80007
13 10 3 0
13 10 4 0
13 10 5 12505
13 10 6 0
13 10 7 0
13 10 8 65088
13 10 9 27533
13 10 10 60342
13 10 11 0
13 10 12 23335
13 10 13 0
13 10 14 0
13 10 15 44262
13 11 0 0
13 11 1 27396
13 11 2 80007
13 11 3 0
13 11 4 0
13 11 5 12505
13 11 6 0
13 11 7 0
13 11 8 65088
13 11 9 27533
13 11 10 60342
13 11 11 0
13 11 12 23335
13 11 13 0
13 11 14 0
13 11 15 44262
13 12 0 0
13 12 1 0
13 12 2 229385
13 12 3 0
13 12 4 0
13 12 5 0
13 12 6 0
13 12 7 399759
13 12 8 281346
13 12 9 133876
13 12 10 243540
13 12 11 0
13 12 12 0
13 12 13 0
13 12 14 0
13 12 15 0
13 13 0 0
13 13 1 0
13 13 2 433217
13 13 3 0
13 13 4 0
13 13 5 141211
13 13 6 38743
13 13 7 487672
13 13 8 478642
13 13 9 0
13 13 10 103054
13 13 11 0
13 13 12 53811
13 13 13 0
13 13 14 43783
13 13 15 39930
13 13 15 277290
