0 0 1 35870
0 0 2 53939
0 0 3 0
0 0 4 195675
0 0 5 221429
0 0 6 0
0 0 7 156464
0 0 8 133032
0 0 9 153199
0 0 10 23824
0 0 11 0
0 0 12 0
0 0 13 276168
0 0 14 197626
0 0 15 55624
0 1 0 310844
0 1 1 1214
0 1 2 24679
0 1 3 0
0 1 4 223947
0 1 5 187685
0 1 6 0
0 1 7 0
0 1 8 130600
0 1 9 135871
0 1 10 22000
0 1 11 0
0 1 12 0
0 1 13 219624
0 1 14 166618
0 1 15 74776
0 2 0 306284
0 2 1 1214
0 2 2 24679
0 2 3 0
0 2 4 223947
0 2 5 187685
0 2 6 0
0 2 7 0
0 2 8 130600
0 2 9 135871
0 2 10 22000
0 2 11 0
0 2 12 0
0 2 13 219624
0 2 14 166618
0 2 15 74776
0 3 0 306284
0 3 1 1214
0 3 2 24679
0 3 3 0
0 3 4 223947
0 3 5 187685
0 3 6 0
0 3 7 0
0 3 8 130600
0 3 9 135871
0 3 10 22000
0 3 11 0
0 3 12 0
0 3 13 219624
0 3 14 166618
0 3 15 74776
0 4 0 306284
0 4 1 1214
0 4 2 24679
0 4 3 0
0 4 4 223947
0 4 5 187685
0 4 6 0
0 4 7 0
0 4 8 130600
0 4 9 135871
0 4 10 22000
0 4 11 0
0 4 12 0
0 4 13 219624
0 4 14 166618
0 4 15 74776
0 5 0 306284
0 5 1 1214
0 5 2 24679
0 5 3 0
0 5 4 223947
0 5 5 187685
0 5 6 0
0 5 7 0
0 5 8 130600
0 5 9 135871
0 5 10 22000
0 5 11 0
0 5 12 0
0 5 13 219624
0 5 14 166618
0 5 15 74776
0 6 0 306284
0 6 1 15122
0 6 2 429702
0 6 3 0
0 6 4 111277
0 6 5 464268
0 6 6 615336
0 6 7 618487
0 6 8 518466
0 6 9 188596
0 6 10 42007
0 6 11 0
0 6 12 0
0 6 13 0
0 6 14 0
0 6 15 307507
1 0 0 782443
1 0 1 718270
1 0 2 161683
1 0 3 0
1 0 4 3319
1 0 5 1260425
1 0 6 103351
1 0 7 1971912
1 0 8 726353
1 0 9 755918
1 0 10 79894
1 0 11 598847
1 0 12 307
1 0 13 170866
1 0 14 126320
1 0 15 1580330
1 1 0 1020563
1 1 1 8475875
1 1 2 2702177
1 1 3 1644913
1 1 4 0
1 1 5 1586943
1 1 6 9919993
1 1 7 8801681
1 1 8 4830171
1 1 9 4324514
1 1 10 2800400
1 1 11 0
1 1 12 0
1 1 13 6633790
1 1 14 3479817
1 1 15 4218067
1 2 0 6598969
1 2 1 12881407
1 2 2 4640465
1 2 3 3384207
1 2 4 0
1 2 5 1267908
1 2 6 5723080
1 2 7 0
1 2 8 3423631
1 2 9 5036499
1 2 10 6009363
1 2 11 0
1 2 12 0
1 2 13 10241059
1 2 14 7618480
1 2 15 5026042
1 3 0 609565
1 3 1 8107176
1 3 2 3680526
1 3 3 3428734
1 3 4 0
1 3 5 469583
1 3 6 0
1 3 7 0
1 3 8 3148358
1 3 9 4833101
1 3 10 3307359
1 3 11 0
1 3 12 0
1 3 13 10471674
1 3 14 5323477
1 3 15 3678709
1 4 0 0
1 4 1 5488840
1 4 2 3512986
1 4 3 3151423
1 4 4 0
1 4 5 1113501
1 4 6 0
1 4 7 0
1 4 8 3615626
1 4 9 4827384
1 4 10 3161228
1 4 11 0
1 4 12 0
1 4 13 10769158
1 4 14 3878215
1 4 15 4828394
1 5 0 0
1 5 1 2221982
1 5 2 1816478
1 5 3 1140547
1 5 4 0
1 5 5 2366570
1 5 6 0
1 5 7 0
1 5 8 3584344
1 5 9 3072492
1 5 10 1675140
1 5 11 1461368
1 5 12 0
1 5 13 10023494
1 5 14 1732328
1 5 15 3098474
1 6 0 0
1 6 1 0
1 6 2 395806
1 6 3 0
1 6 4 0
1 6 5 845581
1 6 6 308011
1 6 7 752969
1 6 8 689301
1 6 9 38897
1 6 10 63895
1 6 11 125006
1 6 12 0
1 6 13 308333
1 6 14 0
1 6 15 505863
2 0 0 569111
2 0 1 7142
2 0 2 528897
2 0 3 0
2 0 4 675414
2 0 5 110753
2 0 6 0
2 0 7 2033194
2 0 8 1154032
2 0 9 899284
2 0 10 0
2 0 11 0
2 0 12 307
2 0 13 345612
2 0 14 8234
2 0 15 816667
2 1 0 3272
2 1 1 0
2 1 2 2866977
2 1 3 0
2 1 4 8988127
2 1 5 4816424
2 1 6 2095756
2 1 7 8985121
2 1 8 4030001
2 1 9 21576
2 1 10 0
2 1 11 2824644
2 1 12 2823839
2 1 13 8405351
2 1 14 0
2 1 15 3137116
2 2 0 7782768
2 2 1 11942627
2 2 2 2111764
2 2 3 0
2 2 4 17354165
2 2 5 3533556
2 2 6 8423421
2 2 7 0
2 2 8 3973473
2 2 9 1075362
2 2 10 927564
2 2 11 1109287
2 2 12 2605844
2 2 13 10191973
2 2 14 9083543
2 2 15 2261241
2 3 0 10052182
2 3 1 15975260
2 3 2 3992177
2 3 3 1154232
2 3 4 19959418
2 3 5 3240120
2 3 6 6185361
2 3 7 0
2 3 8 3438758
2 3 9 277535
2 3 10 0
2 3 11 3101452
2 3 12 2878587
2 3 13 5152216
2 3 14 7287449
2 3 15 4474600
2 4 0 7078848
2 4 1 16617290
2 4 2 5832556
2 4 3 0
2 4 4 13163058
2 4 5 3617082
2 4 6 10154196
2 4 7 2253387
2 4 8 11191575
2 4 9 6525007
2 4 10 820065
2 4 11 0
2 4 12 0
2 4 13 1970304
2 4 14 6121759
2 4 15 6673560
2 5 0 8771604
2 5 1 12049245
2 5 2 5173049
2 5 3 1210173
2 5 4 1218967
2 5 5 5439848
2 5 6 3994019
2 5 7 0
2 5 8 4401306
2 5 9 0
2 5 10 6591970
2 5 11 8857210
2 5 12 4725705
2 5 13 0
2 5 14 3752279
2 5 15 3343129
2 6 0 0
2 6 1 401726
2 6 2 397215
2 6 3 0
2 6 4 557271
2 6 5 682569
2 6 6 308011
2 6 7 752969
2 6 8 396790
2 6 9 400218
2 6 10 78779
2 6 11 1150232
2 6 12 17876
2 6 13 0
2 6 14 73749
2 6 15 309254
3 0 0 569111
3 0 1 8966
3 0 2 134176
3 0 3 0
3 0 4 52472
3 0 5 4715
3 0 6 0
3 0 7 199575
3 0 8 113139
3 0 9 2605
3 0 10 41931
3 0 11 0
3 0 12 25539
3 0 13 77808
3 0 14 117769
3 0 15 7478
3 1 0 3614
3 1 1 8966
3 1 2 384963
3 1 3 0
3 1 4 320004
3 1 5 403577
3 1 6 0
3 1 7 365765
3 1 8 627963
3 1 9 2605
3 1 10 11496
3 1 11 0
3 1 12 2169
3 1 13 1138636
3 1 14 278558
3 1 15 7478
3 2 0 534829
3 2 1 140000
3 2 2 655443
3 2 3 0
3 2 4 1347458
3 2 5 961735
3 2 6 25433
3 2 7 146004
3 2 8 1256689
3 2 9 45397
3 2 10 0
3 2 11 211048
3 2 12 818119
3 2 13 3895073
3 2 14 34362
3 2 15 146317
3 3 0 1914760
3 3 1 95462
3 3 2 3239933
3 3 3 0
3 3 4 1738832
3 3 5 2199235
3 3 6 0
3 3 7 15912390
3 3 8 6360827
3 3 9 5295720
3 3 10 627029
3 3 11 1993631
3 3 12 0
3 3 13 5178911
3 3 14 0
3 3 15 2529256
3 4 0 5007334
3 4 1 0
3 4 2 7775920
3 4 3 0
3 4 4 0
3 4 5 6816720
3 4 6 1798048
3 4 7 9925494
3 4 8 12942782
3 4 9 7174584
3 4 10 9485300
3 4 11 13685732
3 4 12 6910320
3 4 13 1570954
3 4 14 0
3 4 15 3303808
3 5 0 4127074
3 5 1 0
3 5 2 2224667
3 5 3 561421
3 5 4 2397470
3 5 5 2810844
3 5 6 2304115
3 5 7 0
3 5 8 960720
3 5 9 660075
3 5 10 8885848
3 5 11 16784033
3 5 12 6656087
3 5 13 1868637
3 5 14 2221185
3 5 15 0
3 6 0 204486
3 6 1 0
3 6 2 395806
3 6 3 0
3 6 4 30142
3 6 5 312344
3 6 6 308011
3 6 7 752969
3 6 8 589256
3 6 9 213945
3 6 10 100565
3 6 11 242234
3 6 12 0
3 6 13 0
3 6 14 0
3 6 15 130674
4 0 0 569111
4 0 1 8966
4 0 2 7921
4 0 3 0
4 0 4 3319
4 0 5 4715
4 0 6 0
4 0 7 0
4 0 8 2464
4 0 9 2605
4 0 10 0
4 0 11 0
4 0 12 2169
4 0 13 15792
4 0 14 12718
4 0 15 7478
4 1 0 3614
4 1 1 8966
4 1 2 7921
4 1 3 0
4 1 4 2445
4 1 5 4715
4 1 6 0
4 1 7 0
4 1 8 2464
4 1 9 2605
4 1 10 0
4 1 11 0
4 1 12 2169
4 1 13 15792
4 1 14 12718
4 1 15 7478
4 2 0 3614
4 2 1 755883
4 2 2 1166654
4 2 3 0
4 2 4 2145
4 2 5 2098417
4 2 6 23324
4 2 7 7522058
4 2 8 1576896
4 2 9 2444596
4 2 10 1359600
4 2 11 1750590
4 2 12 0
4 2 13 219934
4 2 14 161099
4 2 15 2393568
4 3 0 1844449
4 3 1 0
4 3 2 7302157
4 3 3 0
4 3 4 0
4 3 5 5655944
4 3 6 0
4 3 7 13353479
4 3 8 13025320
4 3 9 7218671
4 3 10 1256143
4 3 11 0
4 3 12 369048
4 3 13 0
4 3 14 0
4 3 15 4532878
4 4 0 2520846
4 4 1 0
4 4 2 8093692
4 4 3 495610
4 4 4 1813813
4 4 5 6350178
4 4 6 1477050
4 4 7 0
4 4 8 9453360
4 4 9 0
4 4 10 8125553
4 4 11 16647714
4 4 12 8331182
4 4 13 1597005
4 4 14 916026
4 4 15 4299975
4 5 0 420353
4 5 1 8966
4 5 2 7921
4 5 3 0
4 5 4 3427176
4 5 5 4715
4 5 6 0
4 5 7 0
4 5 8 927575
4 5 9 704806
4 5 10 80793
4 5 11 4128695
4 5 12 1293054
4 5 13 702100
4 5 14 2281922
4 5 15 7478
4 6 0 526951
4 6 1 0
4 6 2 395806
4 6 3 0
4 6 4 0
4 6 5 312344
4 6 6 308011
4 6 7 752969
4 6 8 396790
4 6 9 20997
4 6 10 63895
4 6 11 102566
4 6 12 0
4 6 13 0
4 6 14 0
4 6 15 130674
5 0 0 569111
5 0 1 8966
5 0 2 7921
5 0 3 0
5 0 4 3319
5 0 5 4715
5 0 6 0
5 0 7 0
5 0 8 2464
5 0 9 2605
5 0 10 0
5 0 11 0
5 0 12 2169
5 0 13 15792
5 0 14 12718
5 0 15 7478
5 1 0 3614
5 1 1 244296
5 1 2 22153
5 1 3 0
5 1 4 2445
5 1 5 949364
5 1 6 15708
5 1 7 870402
5 1 8 429644
5 1 9 2605
5 1 10 0
5 1 11 858637
5 1 12 2169
5 1 13 15792
5 1 14 28489
5 1 15 789730
5 2 0 439259
5 2 1 586681
5 2 2 6456260
5 2 3 0
5 2 4 0
5 2 5 2207147
5 2 6 0
5 2 7 16441347
5 2 8 8755346
5 2 9 6085288
5 2 10 758020
5 2 11 1157560
5 2 12 0
5 2 13 0
5 2 14 0
5 2 15 2874032
5 3 0 3912301
5 3 1 0
5 3 2 9409646
5 3 3 351377
5 3 4 0
5 3 5 6056952
5 3 6 527682
5 3 7 6423930
5 3 8 13026320
5 3 9 2760928
5 3 10 9032560
5 3 11 19399158
5 3 12 7607017
5 3 13 0
5 3 14 0
5 3 15 3967721
5 4 0 0
5 4 1 0
5 4 2 1936218
5 4 3 0
5 4 4 3637741
5 4 5 440720
5 4 6 0
5 4 7 0
5 4 8 837877
5 4 9 959929
5 4 10 4709140
5 4 11 17155356
5 4 12 6289200
5 4 13 1242696
5 4 14 2292842
5 4 15 0
5 5 0 694317
5 5 1 8966
5 5 2 7921
5 5 3 0
5 5 4 200337
5 5 5 4715
5 5 6 0
5 5 7 0
5 5 8 155140
5 5 9 173051
5 5 10 47730
5 5 11 110175
5 5 12 2169
5 5 13 181702
5 5 14 42002
5 5 15 7478
5 6 0 3614
5 6 1 0
5 6 2 395806
5 6 3 0
5 6 4 0
5 6 5 312344
5 6 6 308011
5 6 7 752969
5 6 8 396790
5 6 9 20997
5 6 10 63895
5 6 11 102566
5 6 12 0
5 6 13 0
5 6 14 0
5 6 15 130674
6 0 0 569111
6 0 1 28118
6 0 2 80634
6 0 3 0
6 0 4 21407
6 0 5 100684
6 0 6 0
6 0 7 50710
6 0 8 104760
6 0 9 126751
6 0 10 60380
6 0 11 0
6 0 12 23715
6 0 13 106745
6 0 14 19368
6 0 15 104473
6 1 0 6768
6 1 1 27396
6 1 2 685781
6 1 3 0
6 1 4 181057
6 1 5 769948
6 1 6 0
6 1 7 1472992
6 1 8 961148
6 1 9 891975
6 1 10 182079
6 1 11 75355
6 1 12 23335
6 1 13 105928
6 1 14 0
6 1 15 1059727
6 2 0 197824
6 2 1 0
6 2 2 6859800
6 2 3 0
6 2 4 10930967
6 2 5 3070330
6 2 6 0
6 2 7 12483074
6 2 8 9032028
6 2 9 2887385
6 2 10 0
6 2 11 0
6 2 12 5641591
6 2 13 0
6 2 14 410024
6 2 15 4009282
6 3 0 5919296
6 3 1 0
6 3 2 8332907
6 3 3 0
6 3 4 13503558
6 3 5 3989370
6 3 6 6384523
6 3 7 0
6 3 8 4482491
6 3 9 1632750
6 3 10 8676149
6 3 11 16407892
6 3 12 9290903
6 3 13 201691
6 3 14 3626408
6 3 15 2541701
6 4 0 6211830
6 4 1 27396
6 4 2 80007
6 4 3 0
6 4 4 1818377
6 4 5 119133
6 4 6 0
6 4 7 0
6 4 8 961176
6 4 9 812401
6 4 10 326734
6 4 11 2825967
6 4 12 665889
6 4 13 454940
6 4 14 1477443
6 4 15 88481
6 5 0 86459
6 5 1 27396
6 5 2 80007
6 5 3 0
6 5 4 0
6 5 5 99981
6 5 6 0
6 5 7 0
6 5 8 104152
6 5 9 126903
6 5 10 60342
6 5 11 0
6 5 12 23335
6 5 13 105928
6 5 14 0
6 5 15 103580
6 6 0 0
6 6 1 0
6 6 2 433217
6 6 3 0
6 6 4 0
6 6 5 373714
6 6 6 290056
6 6 7 720479
6 6 8 520290
6 6 9 148373
6 6 10 243540
6 6 11 0
6 6 12 53811
6 6 13 0
6 6 14 43783
6 6 15 213818
6 6 15 505613
