0 0 0 0 0 0 1199 0 0 0
0 1 0 2271 797 0 0 0 0 0
0 2 0 2271 797 0 0 0 0 0
0 3 0 2271 797 0 0 0 0 0
0 4 0 2271 797 0 0 0 0 0
0 5 0 2271 797 0 0 0 0 0
0 6 0 2271 797 0 0 0 0 0
0 7 0 2271 797 0 0 0 0 0
0 8 0 2271 797 0 0 0 0 0
0 9 0 2271 797 0 0 0 0 0
0 10 0 2271 797 0 0 0 0 0
0 11 0 2271 797 0 0 0 0 0
0 12 0 2271 797 0 0 0 0 0
0 13 0 2271 797 0 0 0 0 0
0 14 0 2271 797 0 0 0 0 0
0 15 0 2271 797 0 0 0 0 0
0 16 0 2271 797 0 0 0 0 0
0 17 0 2271 797 0 0 0 0 0
0 18 0 2271 797 0 0 0 0 0
0 19 0 2271 797 0 0 0 0 0
0 20 0 2271 797 0 0 0 0 0
0 21 0 2271 797 0 0 0 0 0
0 22 0 2271 797 0 0 0 0 0
0 23 0 2271 797 0 0 0 0 0
0 24 0 2271 797 0 0 0 0 0
0 25 0 2271 797 0 0 0 0 0
0 26 0 2271 797 0 0 0 0 0
0 27 0 3373 2773 0 0 0 0 649
1 0 0 0 0 0 268 0 0 0
1 1 0 0 0 0 287 0 0 0
1 2 0 0 0 0 287 0 0 0
1 3 0 0 0 0 287 0 0 0
1 4 0 0 0 0 287 0 0 0
1 5 0 0 0 0 287 0 0 0
1 6 0 0 0 0 287 0 0 0
1 7 0 0 0 0 287 0 0 0
1 8 0 0 0 0 287 0 0 0
1 9 0 0 0 0 287 0 0 0
1 10 0 0 0 0 287 0 0 0
1 11 0 0 0 0 287 0 0 0
1 12 0 0 0 0 287 0 0 0
1 13 0 0 0 0 287 0 0 0
1 14 0 0 0 0 287 0 0 0
1 15 0 0 0 0 287 0 0 0
1 16 0 0 0 0 287 0 0 0
1 17 0 0 0 0 287 0 0 0
1 18 0 0 0 0 287 0 0 0
1 19 0 0 0 0 287 0 0 0
1 20 0 0 0 0 287 0 0 0
1 21 0 0 0 0 287 0 0 0
1 22 0 0 0 0 287 0 0 0
1 23 0 0 0 0 287 0 0 0
1 24 0 0 0 0 287 0 0 0
1 25 0 0 0 0 287 0 0 0
1 26 0 0 0 0 287 0 0 0
1 27 0 1473 2317 0 230 0 0 3024
2 0 0 0 0 0 268 0 0 0
2 1 0 0 0 0 287 0 0 0
2 2 0 0 0 0 287 0 0 0
2 3 0 0 0 0 287 0 0 0
2 4 0 0 0 0 287 0 0 0
2 5 0 0 0 0 287 0 0 0
2 6 0 0 0 0 287 0 0 0
2 7 0 0 0 0 287 0 0 0
2 8 0 0 0 0 287 0 0 0
2 9 0 0 0 0 287 0 0 0
2 10 0 0 0 0 287 0 0 0
2 11 0 0 0 0 287 0 0 0
2 12 0 0 0 0 287 0 0 0
2 13 0 0 0 0 287 0 0 0
2 14 0 0 0 0 287 0 0 0
2 15 0 0 0 0 287 0 0 0
2 16 0 0 0 0 287 0 0 0
2 17 0 0 0 0 287 0 0 0
2 18 0 0 0 0 287 0 0 0
2 19 0 0 0 0 287 0 0 0
2 20 0 0 0 0 287 0 0 0
2 21 0 0 0 0 287 0 0 0
2 22 0 0 0 0 287 0 0 0
2 23 0 0 0 0 287 0 0 0
2 24 0 0 0 0 287 0 0 0
2 25 0 0 0 0 287 0 0 0
2 26 0 0 0 0 287 0 0 0
2 27 0 1473 2317 0 230 0 0 3024
3 0 0 0 0 0 268 0 0 0
3 1 0 0 0 0 287 0 0 0
3 2 0 0 0 0 287 0 0 0
3 3 0 0 0 0 287 0 0 0
3 4 0 0 0 0 287 0 0 0
3 5 0 0 0 0 287 0 0 0
3 6 0 0 0 0 287 0 0 0
3 7 0 0 0 0 287 0 0 0
3 8 0 0 0 0 287 0 0 0
3 9 0 0 0 0 287 0 0 0
3 10 0 0 0 0 287 0 0 0
3 11 0 0 0 0 287 0 0 0
3 12 0 0 0 0 287 0 0 0
3 13 0 0 0 0 287 0 0 0
3 14 0 0 0 0 287 0 0 0
3 15 0 0 0 0 287 0 0 0
3 16 0 0 0 0 287 0 0 0
3 17 0 0 0 0 287 0 0 0
3 18 0 0 0 0 287 0 0 0
3 19 0 0 0 0 287 0 0 0
3 20 0 0 0 0 287 0 0 0
3 21 0 0 0 0 287 0 0 0
3 22 0 0 0 0 287 0 0 0
3 23 0 0 0 0 287 0 0 0
3 24 0 0 0 0 287 0 0 0
3 25 0 0 0 0 287 0 0 0
3 26 0 0 0 0 287 0 0 0
3 27 0 1473 2317 0 230 0 0 3024
4 0 0 0 0 0 268 0 0 0
4 1 0 0 0 0 287 0 0 0
4 2 0 0 0 0 287 0 0 0
4 3 0 0 0 0 287 0 0 0
4 4 0 0 0 0 287 0 0 0
4 5 0 0 0 0 287 0 0 0
4 6 0 0 0 0 287 0 0 0
4 7 0 0 0 0 287 0 0 0
4 8 0 0 0 0 287 0 0 0
4 9 0 0 0 0 287 0 0 0
4 10 0 0 0 0 287 0 0 0
4 11 0 0 0 0 287 0 0 0
4 12 0 0 0 0 287 0 0 0
4 13 0 0 0 0 287 0 0 0
4 14 0 0 0 0 287 0 0 0
4 15 0 0 0 0 287 0 0 0
4 16 0 0 0 0 287 0 0 0
4 17 0 0 0 0 287 0 0 0
4 18 0 0 0 0 287 0 0 0
4 19 0 0 0 0 287 0 0 0
4 20 0 0 0 0 287 0 0 0
4 21 0 0 0 0 287 0 0 0
4 22 0 0 0 0 287 0 0 0
4 23 0 0 0 0 287 0 0 0
4 24 0 0 0 0 287 0 0 0
4 25 0 0 0 0 287 0 0 0
4 26 0 0 0 0 287 0 0 0
4 27 0 1473 2317 0 230 0 0 3024
5 0 0 0 0 0 268 0 0 0
5 1 0 0 0 0 287 0 0 0
5 2 0 0 0 0 287 0 0 0
5 3 0 0 0 0 287 0 0 0
5 4 0 0 0 0 287 0 0 0
5 5 0 0 0 0 287 0 0 0
5 6 0 0 0 0 287 0 0 0
5 7 0 0 0 0 287 0 0 0
5 8 0 0 0 0 287 0 0 0
5 9 0 0 0 0 287 0 0 0
5 10 0 0 0 0 287 0 0 0
5 11 0 0 0 0 287 0 0 0
5 12 0 0 0 0 287 0 0 0
5 13 0 0 0 0 287 0 0 0
5 14 0 0 0 0 287 0 0 0
5 15 0 0 0 0 287 0 0 0
5 16 0 0 0 0 287 0 0 0
5 17 0 0 0 0 287 0 0 0
5 18 0 0 0 0 287 0 0 0
5 19 0 0 0 0 287 0 0 0
5 20 0 0 0 0 287 0 0 0
5 21 0 0 0 0 287 0 0 0
5 22 0 0 0 0 287 0 0 0
5 23 0 0 0 0 287 0 0 0
5 24 0 0 0 0 287 0 0 0
5 25 0 0 0 0 287 0 0 0
5 26 0 0 0 0 287 0 0 0
5 27 0 1473 2317 0 230 0 0 3024
6 0 0 0 0 0 268 0 0 0
6 1 0 0 0 0 287 0 0 0
6 2 0 0 0 0 287 0 0 0
6 3 0 0 0 0 287 0 0 0
6 4 0 0 0 0 287 0 0 0
6 5 0 1488 3718 675 1487 0 200 215
6 6 0 5386 7400 4215 2985 2357 4646 5267
6 7 0 0 1545 5997 2572 0 9183 7693
6 8 0 0 0 9527 2316 0 12697 2365
6 9 0 0 0 5150 1041 0 8795 2553
6 10 0 0 0 4279 674 0 6155 0
6 11 0 0 0 0 240 0 885 0
6 12 0 0 0 0 245 0 0 0
6 13 0 0 0 0 287 0 0 0
6 14 0 0 0 0 287 0 0 0
6 15 0 0 0 0 287 0 0 0
6 16 0 0 0 0 287 0 0 0
6 17 0 0 0 0 287 0 0 0
6 18 0 0 0 0 287 0 0 0
6 19 0 0 0 0 287 0 0 0
6 20 0 0 0 0 287 0 0 0
6 21 0 0 0 0 287 0 0 0
6 22 0 0 0 0 287 0 0 0
6 23 0 0 0 0 287 0 0 0
6 24 0 0 0 0 287 0 0 0
6 25 0 0 0 0 287 0 0 0
6 26 0 0 0 0 287 0 0 0
6 27 0 1473 2317 0 230 0 0 3024
7 0 0 0 0 0 268 0 0 0
7 1 0 0 0 0 287 0 0 0
7 2 0 0 0 0 287 0 0 0
7 3 0 0 0 0 287 0 0 0
7 4 0 0 0 0 287 0 0 0
7 5 0 5791 11345 7137 0 6938 3653 4289
7 6 0 8645 12067 12047 0 14819 8628 22201
7 7 4805 0 1364 24840 250 21076 20103 11884
7 8 9761 0 0 26690 4742 23501 21802 5424
7 9 6589 0 0 24578 7488 19229 22191 2604
7 10 2936 0 0 20404 8063 12627 21056 890
7 11 0 0 0 15884 5311 4394 19075 2314
7 12 0 0 0 13887 4440 1727 17302 912
7 13 0 0 0 11632 2999 531 15267 4221
7 14 0 0 0 11632 2999 531 15267 4221
7 15 0 0 0 11632 2999 531 15267 4221
7 16 0 0 0 11632 2999 531 15267 4221
7 17 0 0 0 11632 2999 531 15267 4221
7 18 0 0 0 11632 2999 531 15267 4221
7 19 0 0 0 10576 2599 0 14451 4125
7 20 0 0 0 6250 908 0 10538 2155
7 21 342 0 0 3632 123 0 5763 0
7 22 0 0 0 0 227 0 0 0
7 23 0 0 0 0 287 0 0 0
7 24 0 0 0 0 287 0 0 0
7 25 0 0 0 0 287 0 0 0
7 26 0 0 0 0 287 0 0 0
7 27 0 1473 2317 0 230 0 0 3024
8 0 0 0 0 0 268 0 0 0
8 1 0 0 0 0 287 0 0 0
8 2 0 0 0 0 287 0 0 0
8 3 0 0 0 0 287 0 0 0
8 4 0 0 0 0 287 0 0 0
8 5 0 5261 7057 4037 0 2174 0 13616
8 6 9586 10724 15015 11731 0 17039 5644 24307
8 7 27028 5056 1789 10708 457 29379 5175 7006
8 8 33487 2703 1888 12310 0 33346 4003 0
8 9 24592 3381 2996 12849 0 36978 3710 0
8 10 22267 0 2673 19919 0 37325 8865 575
8 11 15913 0 0 24904 3192 34867 15889 3600
8 12 16230 0 0 26488 3137 28828 18875 4513
8 13 12837 0 0 29062 3186 27666 21426 5790
8 14 11461 0 0 27926 3234 27778 20754 8414
8 15 12565 0 0 28966 3202 27522 21922 7358
8 16 12691 0 0 28834 3152 27360 21820 7346
8 17 13481 0 0 28054 2850 26406 21146 7078
8 18 12665 0 0 28920 3192 27680 21342 6118
8 19 11103 0 0 27640 4398 26930 21092 7082
8 20 13079 0 0 21526 7684 16488 19331 407
8 21 12745 0 0 11222 6874 1415 12297 0
8 22 2169 0 0 3607 2257 0 3892 0
8 23 0 0 0 0 287 0 0 0
8 24 0 0 0 0 287 0 0 0
8 25 0 0 0 0 287 0 0 0
8 26 0 0 0 0 287 0 0 0
8 27 0 1473 2317 0 230 0 0 3024
9 0 0 0 0 0 268 0 0 0
9 1 0 0 0 0 287 0 0 0
9 2 0 0 0 0 287 0 0 0
9 3 0 0 0 0 287 0 0 0
9 4 0 0 0 0 287 0 0 0
9 5 4989 7733 5059 400 3228 0 1614 13191
9 6 8572 15829 8610 0 2461 1207 897 12283
9 7 22318 19654 8121 0 0 8941 0 0
9 8 25177 20353 6162 0 0 10309 0 0
9 9 25565 20725 9142 0 0 12217 0 0
9 10 29306 19517 9496 0 0 19657 0 0
9 11 30648 17232 9935 0 0 28839 0 0
9 12 35933 11525 3099 1298 0 28329 0 0
9 13 35293 7901 3032 6577 0 30451 0 0
9 14 32393 12451 5804 4959 0 30981 0 2221
9 15 35791 8113 2716 7389 0 31717 732 0
9 16 35981 7899 2338 7073 0 31291 552 0
9 17 36937 6681 286 5209 0 28741 0 0
9 18 28798 13260 11633 12759 408 38376 4323 0
9 19 23229 18214 11383 11519 0 39391 6614 10635
9 20 31021 0 0 12659 0 29881 10469 0
9 21 27431 0 0 8427 3443 13308 6246 0
9 22 7318 0 0 2162 3745 0 1025 0
9 23 0 0 0 0 287 0 0 0
9 24 0 0 0 0 287 0 0 0
9 25 0 0 0 0 287 0 0 0
9 26 0 0 0 0 287 0 0 0
9 27 0 1473 2317 0 230 0 0 3024
10 0 0 0 0 0 268 0 0 0
10 1 0 0 0 0 287 0 0 0
10 2 0 0 0 0 287 0 0 0
10 3 0 0 0 0 287 0 0 0
10 4 0 0 0 0 287 0 0 0
10 5 0 1606 1044 0 1997 0 0 3043
10 6 0 5679 2423 0 3364 0 0 3699
10 7 0 7248 2337 0 0 0 0 0
10 8 3776 8397 3363 0 0 0 0 0
10 9 3864 10745 4303 0 1862 0 0 1444
10 10 8610 15884 6478 0 1229 0 0 2064
10 11 13108 20180 8617 0 0 0 0 1735
10 12 16285 20114 8205 0 0 3132 0 0
10 13 20148 20949 6503 0 0 3104 0 0
10 14 18188 21451 9499 0 0 3960 0 0
10 15 21910 21085 7533 0 0 6592 0 0
10 16 21634 20919 7383 0 0 6454 0 0
10 17 16843 22234 10380 0 0 9075 0 0
10 18 12971 30025 19849 0 0 19485 0 7601
10 19 21320 22745 17503 5540 0 26740 6872 19458
10 20 39810 0 0 5153 0 24964 6915 0
10 21 28672 0 0 0 339 15299 0 0
10 22 6072 0 0 0 0 439 0 0
10 23 0 0 0 0 287 0 0 0
10 24 0 0 0 0 287 0 0 0
10 25 0 0 0 0 287 0 0 0
10 26 0 0 0 0 287 0 0 0
10 27 0 1473 2317 0 230 0 0 3024
11 0 0 0 0 0 268 0 0 0
11 1 0 0 0 0 287 0 0 0
11 2 0 0 0 0 287 0 0 0
11 3 0 0 0 0 287 0 0 0
11 4 0 0 0 0 287 0 0 0
11 5 0 0 0 0 287 0 0 0
11 6 0 0 0 0 287 0 0 0
11 7 0 0 0 0 287 0 0 0
11 8 0 0 0 0 287 0 0 0
11 9 0 0 0 0 287 0 0 0
11 10 0 0 8 0 737 0 0 747
11 11 0 2216 1144 0 2037 0 0 2633
11 12 0 2364 454 0 99 0 0 0
11 13 0 3576 1656 0 0 0 0 0
11 14 0 4236 1536 0 1589 0 0 813
11 15 0 5406 1956 0 0 0 0 0
11 16 0 5783 2913 0 0 0 0 0
11 17 0 10698 12814 3267 0 8988 1832 1922
11 18 3835 18387 17467 13193 0 13280 11519 32563
11 19 25513 1357 1262 14749 1709 18789 18262 19418
11 20 37210 0 0 2705 3122 20961 4516 0
11 21 18669 0 0 0 0 9039 0 0
11 22 0 1185 0 0 0 0 0 0
11 23 0 0 0 0 287 0 0 0
11 24 0 0 0 0 287 0 0 0
11 25 0 0 0 0 287 0 0 0
11 26 0 0 0 0 287 0 0 0
11 27 0 1473 2317 0 230 0 0 3024
12 0 0 0 0 0 268 0 0 0
12 1 0 0 0 0 287 0 0 0
12 2 0 0 0 0 287 0 0 0
12 3 0 0 0 0 287 0 0 0
12 4 0 0 0 0 287 0 0 0
12 5 0 0 0 0 287 0 0 0
12 6 0 0 0 0 287 0 0 0
12 7 0 0 0 0 287 0 0 0
12 8 0 0 0 0 287 0 0 0
12 9 0 0 0 0 287 0 0 0
12 10 0 0 0 0 287 0 0 0
12 11 0 0 0 0 287 0 0 0
12 12 0 0 0 0 287 0 0 0
12 13 0 0 0 0 287 0 0 0
12 14 0 0 0 0 287 0 0 0
12 15 0 0 0 0 287 0 0 0
12 16 0 2879 6175 2729 1188 860 1370 1346
12 17 0 11757 14682 11602 0 11762 7664 22151
12 18 12860 9045 14209 22022 263 20933 19543 32748
12 19 33550 0 0 11871 9022 21789 16169 0
12 20 29162 0 0 0 1045 14830 0 0
12 21 8945 0 0 0 0 395 0 0
12 22 0 0 0 0 0 0 0 0
12 23 0 0 0 0 287 0 0 0
12 24 0 0 0 0 287 0 0 0
12 25 0 0 0 0 287 0 0 0
12 26 0 0 0 0 287 0 0 0
12 27 0 1473 2317 0 230 0 0 3024
13 0 0 0 0 0 268 0 0 0
13 1 0 0 0 0 287 0 0 0
13 2 0 0 0 0 287 0 0 0
13 3 0 0 0 0 287 0 0 0
13 4 0 0 0 0 287 0 0 0
13 5 0 0 0 0 287 0 0 0
13 6 0 0 0 0 287 0 0 0
13 7 0 0 0 0 287 0 0 0
13 8 0 0 0 0 287 0 0 0
13 9 0 0 0 0 287 0 0 0
13 10 0 0 0 0 287 0 0 0
13 11 0 0 0 0 287 0 0 0
13 12 0 0 0 0 287 0 0 0
13 13 0 0 0 0 287 0 0 0
13 14 0 0 0 0 287 0 0 0
13 15 0 802 2528 0 1137 0 0 131
13 16 0 8402 12796 8860 0 8825 5653 10733
13 17 4100 13740 16021 17950 0 14721 15933 35369
13 18 29882 0 0 15925 2104 20447 18421 17735
13 19 37592 0 0 3934 1483 23842 3806 0
13 20 20303 0 0 0 0 11377 0 0
13 21 0 144 0 0 0 0 0 0
13 22 0 0 0 0 287 0 0 0
13 23 0 0 0 0 287 0 0 0
13 24 0 0 0 0 287 0 0 0
13 25 0 0 0 0 287 0 0 0
13 26 0 0 0 0 287 0 0 0
13 27 0 1473 2317 0 230 0 0 3024
14 0 0 0 0 0 268 0 0 0
14 1 0 0 0 0 287 0 0 0
14 2 0 0 0 0 287 0 0 0
14 3 0 0 0 0 287 0 0 0
14 4 0 0 0 0 287 0 0 0
14 5 0 0 0 0 287 0 0 0
14 6 0 0 0 0 287 0 0 0
14 7 0 0 0 0 287 0 0 0
14 8 0 0 0 0 287 0 0 0
14 9 0 0 0 0 287 0 0 0
14 10 0 0 0 0 287 0 0 0
14 11 0 0 0 0 287 0 0 0
14 12 0 0 0 0 287 0 0 0
14 13 0 0 0 0 287 0 0 0
14 14 0 0 0 0 287 0 0 0
14 15 0 3166 6744 3407 0 2093 1220 2933
14 16 0 13058 16428 13557 0 13379 8881 25752
14 17 16951 8035 10624 19734 1176 22083 18251 29811
14 18 39119 0 0 9220 8862 20386 13137 0
14 19 27708 0 0 0 1785 14377 0 0
14 20 7543 4429 0 0 0 757 0 0
14 21 0 111 0 0 0 0 0 0
14 22 0 0 0 0 287 0 0 0
14 23 0 0 0 0 287 0 0 0
14 24 0 0 0 0 287 0 0 0
14 25 0 0 0 0 287 0 0 0
14 26 0 0 0 0 287 0 0 0
14 27 0 1473 2317 0 230 0 0 3024
15 0 0 0 0 0 268 0 0 0
15 1 0 0 0 0 287 0 0 0
15 2 0 0 0 0 287 0 0 0
15 3 0 0 0 0 287 0 0 0
15 4 0 0 0 0 287 0 0 0
15 5 0 0 0 0 287 0 0 0
15 6 0 0 0 0 287 0 0 0
15 7 0 0 0 0 287 0 0 0
15 8 0 0 0 0 287 0 0 0
15 9 0 0 0 0 287 0 0 0
15 10 0 0 0 0 287 0 0 0
15 11 0 0 0 0 287 0 0 0
15 12 0 0 0 0 287 0 0 0
15 13 0 0 0 0 287 0 0 0
15 14 0 0 63 0 412 0 0 0
15 15 0 7873 12155 7685 0 6389 4118 9607
15 16 3448 18579 18936 14953 0 15836 12958 34718
15 17 28993 2887 0 11575 2887 20276 15146 14556
15 18 34776 0 0 695 1936 20580 2241 0
15 19 16391 0 0 0 0 6615 0 0
15 20 0 402 0 0 0 0 0 0
15 21 0 0 0 0 287 0 0 0
15 22 0 0 0 0 287 0 0 0
15 23 0 0 0 0 287 0 0 0
15 24 0 0 0 0 287 0 0 0
15 25 0 0 0 0 287 0 0 0
15 26 0 0 0 0 287 0 0 0
15 27 0 1473 2317 0 230 0 0 3024
16 0 0 0 0 0 268 0 0 0
16 1 0 0 0 0 287 0 0 0
16 2 0 0 0 0 287 0 0 0
16 3 0 0 0 0 287 0 0 0
16 4 0 0 0 0 287 0 0 0
16 5 0 0 0 0 287 0 0 0
16 6 0 0 0 0 287 0 0 0
16 7 0 0 0 0 287 0 0 0
16 8 0 0 0 0 287 0 0 0
16 9 0 0 0 0 287 0 0 0
16 10 0 0 0 0 287 0 0 0
16 11 0 0 0 0 287 0 0 0
16 12 0 0 0 0 287 0 0 0
16 13 0 0 0 0 287 0 0 0
16 14 0 2709 5853 2389 1722 290 1364 734
16 15 0 13678 15271 11137 0 9239 8644 22965
16 16 12710 10176 11951 16588 0 17127 17084 31495
16 17 34900 0 0 7473 5648 18805 11486 0
16 18 25737 0 0 0 475 13656 0 0
16 19 5113 2403 0 0 0 0 0 0
16 20 0 0 0 0 77 0 0 0
16 21 0 0 0 0 287 0 0 0
16 22 0 0 0 0 287 0 0 0
16 23 0 0 0 0 287 0 0 0
16 24 0 0 0 0 287 0 0 0
16 25 0 0 0 0 287 0 0 0
16 26 0 0 0 0 287 0 0 0
16 27 0 1473 2317 0 230 0 0 3024
17 0 0 0 0 0 268 0 0 0
17 1 0 0 0 0 287 0 0 0
17 2 0 0 0 0 287 0 0 0
17 3 0 0 0 0 287 0 0 0
17 4 0 0 0 0 287 0 0 0
17 5 0 0 0 0 287 0 0 0
17 6 0 0 0 0 287 0 0 0
17 7 0 0 0 0 287 0 0 0
17 8 0 0 0 0 287 0 0 0
17 9 0 0 0 0 287 0 0 0
17 10 0 0 0 0 287 0 0 0
17 11 0 0 0 0 287 0 0 0
17 12 0 0 0 0 287 0 0 0
17 13 0 1243 3293 345 1362 0 0 185
17 14 0 8111 12313 8700 0 8987 5735 10815
17 15 3930 10755 14009 18149 0 13952 15739 33799
17 16 28263 0 0 16434 4554 17905 19108 15631
17 17 32019 0 0 1750 3892 19599 3548 0
17 18 15738 0 0 0 0 5957 0 0
17 19 0 423 100 0 0 0 0 0
17 20 0 0 0 0 287 0 0 0
17 21 0 0 0 0 287 0 0 0
17 22 0 0 0 0 287 0 0 0
17 23 0 0 0 0 287 0 0 0
17 24 0 0 0 0 287 0 0 0
17 25 0 0 0 0 287 0 0 0
17 26 0 0 0 0 287 0 0 0
17 27 0 1473 2317 0 230 0 0 3024
18 0 0 0 0 0 268 0 0 0
18 1 0 0 0 0 287 0 0 0
18 2 0 0 0 0 287 0 0 0
18 3 0 0 0 0 287 0 0 0
18 4 0 0 0 0 287 0 0 0
18 5 0 0 0 0 287 0 0 0
18 6 0 0 0 0 287 0 0 0
18 7 0 0 0 0 287 0 0 0
18 8 0 0 0 0 287 0 0 0
18 9 0 0 0 0 287 0 0 0
18 10 0 0 0 0 287 0 0 0
18 11 0 0 0 0 287 0 0 0
18 12 0 0 573 0 562 0 0 0
18 13 0 5988 10964 6941 334 6584 4054 4992
18 14 0 12410 14604 14520 0 13725 11338 30124
18 15 21804 451 5540 22509 1986 20591 21591 25165
18 16 36443 0 0 8210 7716 20469 11554 0
18 17 24497 0 0 0 0 13405 0 0
18 18 4906 2103 0 0 0 0 0 0
18 19 0 0 0 0 287 0 0 0
18 20 0 0 0 0 287 0 0 0
18 21 0 0 0 0 287 0 0 0
18 22 0 0 0 0 287 0 0 0
18 23 0 0 0 0 287 0 0 0
18 24 0 0 0 0 287 0 0 0
18 25 0 0 0 0 287 0 0 0
18 26 0 0 0 0 287 0 0 0
18 27 0 1473 2317 0 230 0 0 3024
19 0 0 0 0 0 268 0 0 0
19 1 0 0 0 0 287 0 0 0
19 2 0 0 0 0 287 0 0 0
19 3 0 0 0 0 287 0 0 0
19 4 0 0 0 0 287 0 0 0
19 5 0 0 0 0 287 0 0 0
19 6 0 0 0 0 287 0 0 0
19 7 0 0 0 0 287 0 0 0
19 8 0 0 0 0 287 0 0 0
19 9 0 0 0 0 287 0 0 0
19 10 0 0 0 0 287 0 0 0
19 11 0 0 0 0 337 0 0 0
19 12 0 4963 9655 5437 2386 4142 3598 1644
19 13 0 12169 13142 11140 0 10986 9014 25315
19 14 15832 3088 10462 23809 0 18472 21956 29949
19 15 35971 0 0 13160 6000 22692 15775 4582
19 16 32964 0 0 0 2020 19448 399 0
19 17 13709 817 0 0 0 5371 0 0
19 18 0 423 100 0 0 0 0 0
19 19 0 0 0 0 287 0 0 0
19 20 0 0 0 0 287 0 0 0
19 21 0 0 0 0 287 0 0 0
19 22 0 0 0 0 287 0 0 0
19 23 0 0 0 0 287 0 0 0
19 24 0 0 0 0 287 0 0 0
19 25 0 0 0 0 287 0 0 0
19 26 0 0 0 0 287 0 0 0
19 27 0 1473 2317 0 230 0 0 3024
20 0 0 0 0 0 268 0 0 0
20 1 0 0 0 0 287 0 0 0
20 2 0 0 0 0 287 0 0 0
20 3 0 0 0 0 287 0 0 0
20 4 0 0 0 0 287 0 0 0
20 5 0 0 0 0 287 0 0 0
20 6 0 0 0 0 287 0 0 0
20 7 0 0 0 0 287 0 0 0
20 8 0 0 0 0 287 0 0 0
20 9 0 0 0 0 287 0 0 0
20 10 0 0 0 0 287 0 0 0
20 11 0 232 1546 0 691 0 0 209
20 12 0 8428 14060 10250 0 11495 4845 12597
20 13 5610 13554 17567 19860 0 19201 15675 36671
20 14 32416 0 0 18106 6181 23536 19754 13846
20 15 39785 0 0 4194 4466 20696 5999 0
20 16 19235 313 0 0 0 11719 0 0
20 17 3134 2181 0 0 0 0 0 0
20 18 0 0 0 0 287 0 0 0
20 19 0 0 0 0 287 0 0 0
20 20 0 0 0 0 287 0 0 0
20 21 0 0 0 0 287 0 0 0
20 22 0 0 0 0 287 0 0 0
20 23 0 0 0 0 287 0 0 0
20 24 0 0 0 0 287 0 0 0
20 25 0 0 0 0 287 0 0 0
20 26 0 0 0 0 287 0 0 0
20 27 0 1473 2317 0 230 0 0 3024
21 0 0 0 0 0 268 0 0 0
21 1 0 0 0 0 287 0 0 0
21 2 0 0 0 0 287 0 0 0
21 3 0 0 0 0 287 0 0 0
21 4 0 0 0 0 287 0 0 0
21 5 0 0 0 0 287 0 0 0
21 6 0 0 0 0 287 0 0 0
21 7 0 0 0 0 287 0 0 0
21 8 0 0 0 0 287 0 0 0
21 9 0 0 0 0 287 0 0 0
21 10 0 18 1168 0 737 0 0 35
21 11 0 6132 10542 6449 1989 5465 4642 4273
21 12 0 15122 15188 14225 0 10263 12981 32920
21 13 22070 2402 5193 17370 0 18850 19192 25233
21 14 42848 0 0 7003 4796 22410 8479 0
21 15 25205 0 0 0 1568 15671 0 0
21 16 7276 3779 0 0 0 1057 0 0
21 17 0 0 0 0 0 0 0 0
21 18 0 0 0 0 287 0 0 0
21 19 0 0 0 0 287 0 0 0
21 20 0 0 0 0 287 0 0 0
21 21 0 0 0 0 287 0 0 0
21 22 0 0 0 0 287 0 0 0
21 23 0 0 0 0 287 0 0 0
21 24 0 0 0 0 287 0 0 0
21 25 0 0 0 0 287 0 0 0
21 26 0 0 0 0 287 0 0 0
21 27 0 1473 2317 0 230 0 0 3024
22 0 0 0 0 0 268 0 0 0
22 1 0 0 0 0 287 0 0 0
22 2 0 0 0 0 287 0 0 0
22 3 0 0 0 0 287 0 0 0
22 4 0 0 0 0 287 0 0 0
22 5 0 0 0 0 287 0 0 0
22 6 0 0 0 0 287 0 0 0
22 7 0 0 0 0 287 0 0 0
22 8 0 0 0 0 287 0 0 0
22 9 0 0 0 0 287 0 0 0
22 10 0 3022 6440 2991 873 1277 1412 1733
22 11 0 9991 13755 11395 0 12794 7021 20027
22 12 12700 7673 14067 24160 827 20529 20450 33120
22 13 33168 0 0 14229 10292 21231 18908 6727
22 14 33196 0 0 0 2534 16217 1880 0
22 15 12520 1487 0 0 0 3601 0 0
22 16 0 852 254 0 0 0 0 0
22 17 0 0 0 0 287 0 0 0
22 18 0 0 0 0 287 0 0 0
22 19 0 0 0 0 287 0 0 0
22 20 0 0 0 0 287 0 0 0
22 21 0 0 0 0 287 0 0 0
22 22 0 0 0 0 287 0 0 0
22 23 0 0 0 0 287 0 0 0
22 24 0 0 0 0 287 0 0 0
22 25 0 0 0 0 287 0 0 0
22 26 0 0 0 0 287 0 0 0
22 27 0 1473 2317 0 230 0 0 3024
23 0 0 0 0 0 268 0 0 0
23 1 0 0 0 0 287 0 0 0
23 2 0 0 0 0 287 0 0 0
23 3 0 0 0 0 287 0 0 0
23 4 0 0 0 0 287 0 0 0
23 5 0 0 0 0 287 0 0 0
23 6 0 0 0 0 287 0 0 0
23 7 0 0 0 0 287 0 0 0
23 8 0 0 0 0 287 0 0 0
23 9 0 851 2613 0 1162 0 0 137
23 10 0 8571 12653 8717 0 8429 5626 11367
23 11 3943 13449 15984 17768 0 15288 15681 34338
23 12 23470 4450 7606 23239 3932 29985 23352 18879
23 13 35621 0 0 6576 3152 25626 9828 0
23 14 28216 0 0 473 346 11211 799 0
23 15 3801 0 0 0 0 0 0 0
23 16 0 0 0 0 287 0 0 0
23 17 0 0 0 0 287 0 0 0
23 18 0 0 0 0 287 0 0 0
23 19 0 0 0 0 287 0 0 0
23 20 0 0 0 0 287 0 0 0
23 21 0 0 0 0 287 0 0 0
23 22 0 0 0 0 287 0 0 0
23 23 0 0 0 0 287 0 0 0
23 24 0 0 0 0 287 0 0 0
23 25 0 0 0 0 287 0 0 0
23 26 0 0 0 0 287 0 0 0
23 27 0 1473 2317 0 230 0 0 3024
24 0 0 0 0 0 268 0 0 0
24 1 0 0 0 0 287 0 0 0
24 2 0 0 0 0 287 0 0 0
24 3 0 0 0 0 287 0 0 0
24 4 0 0 0 0 287 0 0 0
24 5 0 0 0 0 287 0 0 0
24 6 0 0 0 0 287 0 0 0
24 7 0 0 0 0 287 0 0 0
24 8 0 0 0 0 287 0 0 0
24 9 0 2832 6168 2971 0 1577 851 2966
24 10 0 12970 16637 13587 0 13268 8797 24951
24 11 13889 10987 14133 21441 2231 25041 19594 30256
24 12 34703 3928 1905 19805 3901 34979 19351 7817
24 13 34975 0 0 4725 147 26801 6505 0
24 14 27243 0 0 1519 235 10226 0 0
24 15 546 0 0 0 271 0 0 0
24 16 0 0 0 0 287 0 0 0
24 17 0 0 0 0 287 0 0 0
24 18 0 0 0 0 287 0 0 0
24 19 0 0 0 0 287 0 0 0
24 20 0 0 0 0 287 0 0 0
24 21 0 0 0 0 287 0 0 0
24 22 0 0 0 0 287 0 0 0
24 23 0 0 0 0 287 0 0 0
24 24 0 0 0 0 287 0 0 0
24 25 0 0 0 0 287 0 0 0
24 26 0 0 0 0 287 0 0 0
24 27 0 1473 2317 0 230 0 0 3024
25 0 0 0 0 0 268 0 0 0
25 1 0 0 0 0 287 0 0 0
25 2 0 0 0 0 287 0 0 0
25 3 0 0 0 0 287 0 0 0
25 4 0 0 0 0 287 0 0 0
25 5 0 0 0 0 287 0 0 0
25 6 0 0 0 0 287 0 0 0
25 7 0 0 0 0 287 0 0 0
25 8 0 0 0 0 287 0 0 0
25 9 0 5413 8109 4380 0 2156 1633 8386
25 10 2977 18302 20418 14556 0 16089 10990 29846
25 11 20981 13582 10650 15024 1754 29178 15530 22011
25 12 47136 0 0 8446 0 26729 8791 0
25 13 35039 0 0 720 82 24128 0 0
25 14 17598 582 0 0 0 10081 0 0
25 15 0 0 0 0 0 0 0 0
25 16 0 0 0 0 287 0 0 0
25 17 0 0 0 0 287 0 0 0
25 18 0 0 0 0 287 0 0 0
25 19 0 0 0 0 287 0 0 0
25 20 0 0 0 0 287 0 0 0
25 21 0 0 0 0 287 0 0 0
25 22 0 0 0 0 287 0 0 0
25 23 0 0 0 0 287 0 0 0
25 24 0 0 0 0 287 0 0 0
25 25 0 0 0 0 287 0 0 0
25 26 0 0 0 0 287 0 0 0
25 27 0 1473 2317 0 230 0 0 3024
26 0 0 0 0 0 268 0 0 0
26 1 0 0 0 0 287 0 0 0
26 2 0 0 0 0 287 0 0 0
26 3 0 0 0 0 287 0 0 0
26 4 0 0 0 0 287 0 0 0
26 5 0 0 0 0 287 0 0 0
26 6 0 0 0 0 287 0 0 0
26 7 0 0 0 0 287 0 0 0
26 8 0 0 0 0 287 0 0 0
26 9 1542 4242 3502 336 0 0 0 10760
26 10 13469 12143 10449 3314 0 6059 1218 21312
26 11 27852 14822 8829 597 0 21628 0 6520
26 12 33443 13762 770 0 5553 21636 0 0
26 13 16496 9737 0 0 20 11312 0 0
26 14 4430 5084 888 0 0 0 0 0
26 15 0 33 0 0 0 0 0 0
26 16 0 0 0 0 287 0 0 0
26 17 0 0 0 0 287 0 0 0
26 18 0 0 0 0 287 0 0 0
26 19 0 0 0 0 287 0 0 0
26 20 0 0 0 0 287 0 0 0
26 21 0 0 0 0 287 0 0 0
26 22 0 0 0 0 287 0 0 0
26 23 0 0 0 0 287 0 0 0
26 24 0 0 0 0 287 0 0 0
26 25 0 0 0 0 287 0 0 0
26 26 0 0 0 0 287 0 0 0
26 27 0 1473 2317 0 230 0 0 3024
27 0 0 0 0 0 762 0 0 0
27 1 0 0 0 0 743 0 697 649
27 2 0 0 0 0 743 0 697 649
27 3 0 0 0 0 743 0 697 649
27 4 0 0 0 0 743 0 697 649
27 5 0 0 0 0 743 0 697 649
27 6 0 0 0 0 743 0 697 649
27 7 0 0 0 0 743 0 697 649
27 8 0 0 0 0 743 0 697 649
27 9 0 2557 2096 917 3848 0 3043 6307
27 10 4418 11706 5598 0 7544 0 4730 9710
27 11 7071 17278 6325 0 1803 0 0 0
27 12 4931 11575 3123 0 0 2611 0 0
27 13 2956 3284 1295 0 0 0 0 0
27 14 0 0 0 0 43 0 37 0
27 15 0 0 0 0 743 0 697 649
27 16 0 0 0 0 743 0 697 649
27 17 0 0 0 0 743 0 697 649
27 18 0 0 0 0 743 0 697 649
27 19 0 0 0 0 743 0 697 649
27 20 0 0 0 0 743 0 697 649
27 21 0 0 0 0 743 0 697 649
27 22 0 0 0 0 743 0 697 649
27 23 0 0 0 0 743 0 697 649
27 24 0 0 0 0 743 0 697 649
27 25 0 0 0 0 743 0 697 649
27 26 0 0 0 0 743 0 697 649
27 27 0 0 607 661 211 0 1115 3632
